[33mCounting circles[0m
17%		83m 21.58811671999956s remaining
33%		66m 23.411911864000103s remaining
50%		41m 27.674888694999936s remaining
67%		29m 16.93107773299994s remaining
83%		13m 21.864043866999964s remaining

Took 83m 55.22137523299989s to count circles

[33mDone counting circles![0m
sample points:
[151500000.0, 153000000.0, 154500000.0, 156000000.0, 157500000.0, 159000000.0, 160500000.0, 162000000.0, 163500000.0, 165000000.0, 166500000.0, 168000000.0, 169500000.0, 171000000.0, 172500000.0, 174000000.0, 175500000.0, 177000000.0, 178500000.0, 180000000.0, 181500000.0, 183000000.0, 184500000.0, 186000000.0, 187500000.0, 189000000.0, 190500000.0, 192000000.0, 193500000.0, 195000000.0, 196500000.0, 198000000.0, 199500000.0, 201000000.0, 202500000.0, 204000000.0, 205500000.0, 207000000.0, 208500000.0, 210000000.0, 211500000.0, 213000000.0, 214500000.0, 216000000.0, 217500000.0, 219000000.0, 220500000.0, 222000000.0, 223500000.0, 225000000.0, 226500000.0, 228000000.0, 229500000.0, 231000000.0, 232500000.0, 234000000.0, 235500000.0, 237000000.0, 238500000.0, 240000000.0, 241500000.0, 243000000.0, 244500000.0, 246000000.0, 247500000.0, 249000000.0, 250500000.0, 252000000.0, 253500000.0, 255000000.0, 256500000.0, 258000000.0, 259500000.0, 261000000.0, 262500000.0, 264000000.0, 265500000.0, 267000000.0, 268500000.0, 270000000.0, 271500000.0, 273000000.0, 274500000.0, 276000000.0, 277500000.0, 279000000.0, 280500000.0, 282000000.0, 283500000.0, 285000000.0, 286500000.0, 288000000.0, 289500000.0, 291000000.0, 292500000.0, 294000000.0, 295500000.0, 297000000.0, 298500000.0, 300000000.0]

number of circles fewer than each of those sample points:
[3288872827, 3332514331, 3376309344, 3420250206, 3464328273, 3508568300, 3552927004, 3597439186, 3642081149, 3686876489, 3731796055, 3776856744, 3822058107, 3867372844, 3912833585, 3958417695, 4004160294, 4050016141, 4096017052, 4142128350, 4188385219, 4234769556, 4281286720, 4327922775, 4374674222, 4421581913, 4468603353, 4515754260, 4563025759, 4610420635, 4657958245, 4705598651, 4753370076, 4801270239, 4849289431, 4897425973, 4945685535, 4994047936, 5042544658, 5091146637, 5139864431, 5188689767, 5237659521, 5286730475, 5335907652, 5385221386, 5434663085, 5484196624, 5533827295, 5583583204, 5633445402, 5683430016, 5733509911, 5783723507, 5834036532, 5884470638, 5934995418, 5985624532, 6036370001, 6087239261, 6138195825, 6189271968, 6240443883, 6291732448, 6343127933, 6394635522, 6446232149, 6497941781, 6549758366, 6601677999, 6653700789, 6705818863, 6758037328, 6810384293, 6862821901, 6915337880, 6967978965, 7020706665, 7073522709, 7126447563, 7179478204, 7232605366, 7285829958, 7339145243, 7392543527, 7446070093, 7499685212, 7553413921, 7607224970, 7661126439, 7715135109, 7769233455, 7823436826, 7877722298, 7932115650, 7986606584, 8041188203, 8095860507, 8150647452, 8205501362]

[33mBuilt regression model![0m
Model info:
	r^2:		0.9999999997764354
	p-value:	0
	intercept:	-3.2928251203872847
	slope:	1.3382091338817814
Fractal dimension: 1.3382091338817814
