[33mCounting circles[0m
17%		178m 50.4545084500005s remaining
33%		118m 15.27870795400031s remaining
50%		71m 33.10659561600005s remaining
67%		41m 59.53769299099986s remaining
83%		21m 28.024355705000062s remaining

Took 118m 27.105670320999707s to count circles

[33mDone counting circles![0m
sample points:
[151500000.0, 153000000.0, 154500000.0, 156000000.0, 157500000.0, 159000000.0, 160500000.0, 162000000.0, 163500000.0, 165000000.0, 166500000.0, 168000000.0, 169500000.0, 171000000.0, 172500000.0, 174000000.0, 175500000.0, 177000000.0, 178500000.0, 180000000.0, 181500000.0, 183000000.0, 184500000.0, 186000000.0, 187500000.0, 189000000.0, 190500000.0, 192000000.0, 193500000.0, 195000000.0, 196500000.0, 198000000.0, 199500000.0, 201000000.0, 202500000.0, 204000000.0, 205500000.0, 207000000.0, 208500000.0, 210000000.0, 211500000.0, 213000000.0, 214500000.0, 216000000.0, 217500000.0, 219000000.0, 220500000.0, 222000000.0, 223500000.0, 225000000.0, 226500000.0, 228000000.0, 229500000.0, 231000000.0, 232500000.0, 234000000.0, 235500000.0, 237000000.0, 238500000.0, 240000000.0, 241500000.0, 243000000.0, 244500000.0, 246000000.0, 247500000.0, 249000000.0, 250500000.0, 252000000.0, 253500000.0, 255000000.0, 256500000.0, 258000000.0, 259500000.0, 261000000.0, 262500000.0, 264000000.0, 265500000.0, 267000000.0, 268500000.0, 270000000.0, 271500000.0, 273000000.0, 274500000.0, 276000000.0, 277500000.0, 279000000.0, 280500000.0, 282000000.0, 283500000.0, 285000000.0, 286500000.0, 288000000.0, 289500000.0, 291000000.0, 292500000.0, 294000000.0, 295500000.0, 297000000.0, 298500000.0, 300000000.0]

number of circles fewer than each of those sample points:
[4665769182, 4727044254, 4788513977, 4850184296, 4912042238, 4974106233, 5036337870, 5098755410, 5161357350, 5224157175, 5287138269, 5350308807, 5413670437, 5477208163, 5540925357, 5604805569, 5668870808, 5733120431, 5797550692, 5862143444, 5926924771, 5991864069, 6056994500, 6122299689, 6187768025, 6253417369, 6319217348, 6385209916, 6451352355, 6517667723, 6584140289, 6650781238, 6717566166, 6784521113, 6851650197, 6918933456, 6986373477, 7053993665, 7121762833, 7189694254, 7257785989, 7326041857, 7394430655, 7462998066, 7531704280, 7600566971, 7669579633, 7738760844, 7808055497, 7877525020, 7947147456, 8016934923, 8086857288, 8156920220, 8227145005, 8297504100, 8368009805, 8438661917, 8509465141, 8580402716, 8651477636, 8722700399, 8794069549, 8865565070, 8937207181, 9009009763, 9080939099, 9153012086, 9225228555, 9297597401, 9370093562, 9442708831, 9515480543, 9588380478, 9661422688, 9734597781, 9807911137, 9881354404, 9954934889, 10028640958, 10102476548, 10176478727, 10250591442, 10324825288, 10399207677, 10473712124, 10548358251, 10623110543, 10698004896, 10773020897, 10848175449, 10923465851, 10998874849, 11074408752, 11150074626, 11225865298, 11301774668, 11377793472, 11453972682, 11530251837]

[33mBuilt regression model![0m
Model info:
	r^2:		0.9999999998961631
	p-value:	0
	intercept:	-2.679902267907096
	slope:	1.3242354210219975
Fractal dimension: 1.3242354210219975
