[33mCounting circles[0m
8%		1288m 36.4715304190031s remaining
17%		1171m 19.864785679004854s remaining
25%		1053m 59.84198599099909s remaining
33%		936m 53.34459489599976s remaining
42%		820m 3.4656472470014705s remaining
50%		702m 55.7910829570028s remaining
58%		585m 49.83795223299967s remaining
67%		468m 39.9233393329996s remaining
75%		351m 29.708720906000963s remaining
83%		234m 19.37248092200025s remaining
92%		117m 10.252667374000339s remaining

Took 1406m 3.600957215006929s to count circles

[33mDone counting circles![0m
sample points:
[151500000.0, 153000000.0, 154500000.0, 156000000.0, 157500000.0, 159000000.0, 160500000.0, 162000000.0, 163500000.0, 165000000.0, 166500000.0, 168000000.0, 169500000.0, 171000000.0, 172500000.0, 174000000.0, 175500000.0, 177000000.0, 178500000.0, 180000000.0, 181500000.0, 183000000.0, 184500000.0, 186000000.0, 187500000.0, 189000000.0, 190500000.0, 192000000.0, 193500000.0, 195000000.0, 196500000.0, 198000000.0, 199500000.0, 201000000.0, 202500000.0, 204000000.0, 205500000.0, 207000000.0, 208500000.0, 210000000.0, 211500000.0, 213000000.0, 214500000.0, 216000000.0, 217500000.0, 219000000.0, 220500000.0, 222000000.0, 223500000.0, 225000000.0, 226500000.0, 228000000.0, 229500000.0, 231000000.0, 232500000.0, 234000000.0, 235500000.0, 237000000.0, 238500000.0, 240000000.0, 241500000.0, 243000000.0, 244500000.0, 246000000.0, 247500000.0, 249000000.0, 250500000.0, 252000000.0, 253500000.0, 255000000.0, 256500000.0, 258000000.0, 259500000.0, 261000000.0, 262500000.0, 264000000.0, 265500000.0, 267000000.0, 268500000.0, 270000000.0, 271500000.0, 273000000.0, 274500000.0, 276000000.0, 277500000.0, 279000000.0, 280500000.0, 282000000.0, 283500000.0, 285000000.0, 286500000.0, 288000000.0, 289500000.0, 291000000.0, 292500000.0, 294000000.0, 295500000.0, 297000000.0, 298500000.0, 300000000.0]

number of circles fewer than each of those sample points:
[24633288002, 24988597160, 25345529981, 25704061816, 26064078718, 26425691232, 26788867037, 27153570991, 27519778022, 27887517375, 28256801531, 28627570574, 28999868784, 29373636310, 29748898205, 30125677470, 30503921992, 30883636305, 31264828846, 31647438265, 32031488210, 32416982622, 32803908706, 33192306139, 33582146595, 33973307762, 34365911782, 34759939171, 35155350553, 35552175994, 35950416844, 36350009004, 36751035175, 37153368777, 37557087524, 37962147909, 38368591625, 38776323998, 39185415972, 39595820167, 40007598330, 40420721566, 40835131504, 41250885737, 41667940224, 42086303357, 42505959708, 42926912826, 43349196131, 43772797012, 44197629079, 44623753387, 45051149250, 45479789870, 45909668855, 46340847298, 46773268772, 47206902132, 47641811465, 48077982369, 48515382268, 48953992094, 49393851643, 49834953634, 50277260736, 50720791966, 51165542883, 51611519999, 52058696971, 52507022382, 52956571311, 53407301459, 53859211328, 54312328915, 54766595636, 55222052732, 55678707471, 56136555638, 56595583064, 57055781514, 57517119939, 57979561324, 58443179024, 58907979065, 59373930398, 59841035538, 60309230586, 60778582235, 61249090034, 61720722045, 62193467411, 62667349083, 63142351271, 63618476967, 64095709855, 64574057804, 65053527120, 65534037819, 66015675115, 66498415675]

[33mBuilt regression model![0m
Model info:
	r^2:		0.9999999999823119
	p-value:	0
	intercept:	-3.452297132092447
	slope:	1.4535742537908198
Fractal dimension: 1.4535742537908198
