[33mCounting circles[0m
17%		2m 17.165622810000002s remaining
33%		1m 30.714240247999996s remaining
50%		54.868776665s remaining
67%		32.213158243s remaining
83%		16.468162063s remaining

Took 1m 30.880194552000006s to count circles

[33mDone counting circles![0m
sample points:
[5050000.0, 5100000.0, 5150000.0, 5200000.0, 5250000.0, 5300000.0, 5350000.0, 5400000.0, 5450000.0, 5500000.0, 5550000.0, 5600000.0, 5650000.0, 5700000.0, 5750000.0, 5800000.0, 5850000.0, 5900000.0, 5950000.0, 6000000.0, 6050000.0, 6100000.0, 6150000.0, 6200000.0, 6250000.0, 6300000.0, 6350000.0, 6400000.0, 6450000.0, 6500000.0, 6550000.0, 6600000.0, 6650000.0, 6700000.0, 6750000.0, 6800000.0, 6850000.0, 6900000.0, 6950000.0, 7000000.0, 7050000.0, 7100000.0, 7150000.0, 7200000.0, 7250000.0, 7300000.0, 7350000.0, 7400000.0, 7450000.0, 7500000.0, 7550000.0, 7600000.0, 7650000.0, 7700000.0, 7750000.0, 7800000.0, 7850000.0, 7900000.0, 7950000.0, 8000000.0, 8050000.0, 8100000.0, 8150000.0, 8200000.0, 8250000.0, 8300000.0, 8350000.0, 8400000.0, 8450000.0, 8500000.0, 8550000.0, 8600000.0, 8650000.0, 8700000.0, 8750000.0, 8800000.0, 8850000.0, 8900000.0, 8950000.0, 9000000.0, 9050000.0, 9100000.0, 9150000.0, 9200000.0, 9250000.0, 9300000.0, 9350000.0, 9400000.0, 9450000.0, 9500000.0, 9550000.0, 9600000.0, 9650000.0, 9700000.0, 9750000.0, 9800000.0, 9850000.0, 9900000.0, 9950000.0, 10000000.0]

number of circles fewer than each of those sample points:
[51629262, 52306577, 52986176, 53667781, 54353548, 55039865, 55728705, 56419692, 57112222, 57806071, 58504346, 59203013, 59903244, 60606661, 61311019, 62016465, 62725394, 63437001, 64150600, 64864943, 65581234, 66300139, 67021779, 67744139, 68468241, 69194710, 69923199, 70653621, 71386105, 72120462, 72855801, 73594620, 74333807, 75074191, 75815867, 76561581, 77306691, 78054044, 78804389, 79556478, 80309181, 81064643, 81821118, 82578505, 83338009, 84097996, 84861615, 85628924, 86395005, 87164382, 87936173, 88706411, 89480366, 90255653, 91032472, 91810363, 92591926, 93372800, 94154544, 94940777, 95727135, 96515131, 97304472, 98095731, 98886037, 99680694, 100476903, 101273726, 102073418, 102874052, 103675610, 104480951, 105288142, 106095927, 106902742, 107713675, 108526486, 109338824, 110152049, 110968559, 111785441, 112603054, 113422920, 114244516, 115067918, 115892626, 116718361, 117545605, 118374894, 119205467, 120036517, 120869340, 121704460, 122540324, 123374771, 124213826, 125053416, 125893294, 126735210, 127577539]

[33mBuilt regression model![0m
Model info:
	r^2:		0.999999994503056
	p-value:	0
	intercept:	-2.678975547004626
	slope:	1.3241782720617725
Fractal dimension: 1.3241782720617725
