[33mCounting circles[0m
17%		1m 0.6059064849999984s remaining
33%		48.545065244s remaining
50%		30.357903887s remaining
67%		21.458079284s remaining
83%		9.794022017s remaining

Took 1m 1.5304016890000014s to count circles

[33mDone counting circles![0m
sample points:
[5050000.0, 5100000.0, 5150000.0, 5200000.0, 5250000.0, 5300000.0, 5350000.0, 5400000.0, 5450000.0, 5500000.0, 5550000.0, 5600000.0, 5650000.0, 5700000.0, 5750000.0, 5800000.0, 5850000.0, 5900000.0, 5950000.0, 6000000.0, 6050000.0, 6100000.0, 6150000.0, 6200000.0, 6250000.0, 6300000.0, 6350000.0, 6400000.0, 6450000.0, 6500000.0, 6550000.0, 6600000.0, 6650000.0, 6700000.0, 6750000.0, 6800000.0, 6850000.0, 6900000.0, 6950000.0, 7000000.0, 7050000.0, 7100000.0, 7150000.0, 7200000.0, 7250000.0, 7300000.0, 7350000.0, 7400000.0, 7450000.0, 7500000.0, 7550000.0, 7600000.0, 7650000.0, 7700000.0, 7750000.0, 7800000.0, 7850000.0, 7900000.0, 7950000.0, 8000000.0, 8050000.0, 8100000.0, 8150000.0, 8200000.0, 8250000.0, 8300000.0, 8350000.0, 8400000.0, 8450000.0, 8500000.0, 8550000.0, 8600000.0, 8650000.0, 8700000.0, 8750000.0, 8800000.0, 8850000.0, 8900000.0, 8950000.0, 9000000.0, 9050000.0, 9100000.0, 9150000.0, 9200000.0, 9250000.0, 9300000.0, 9350000.0, 9400000.0, 9450000.0, 9500000.0, 9550000.0, 9600000.0, 9650000.0, 9700000.0, 9750000.0, 9800000.0, 9850000.0, 9900000.0, 9950000.0, 10000000.0]

number of circles fewer than each of those sample points:
[34701770, 35161327, 35623335, 36084339, 36551470, 37019386, 37486996, 37956238, 38427106, 38899024, 39372179, 39849022, 40326211, 40803774, 41284265, 41765226, 42248866, 42733652, 43218317, 43703851, 44192187, 44681897, 45172837, 45666582, 46158163, 46653069, 47149302, 47646843, 48146686, 48645967, 49147948, 49649163, 50153223, 50658849, 51165734, 51673630, 52182577, 52691879, 53204277, 53717313, 54231960, 54748992, 55266419, 55783984, 56302026, 56821331, 57343629, 57864407, 58388374, 58912142, 59437065, 59963491, 60492773, 61024120, 61554141, 62086706, 62618127, 63153382, 63687672, 64223784, 64762427, 65300151, 65839900, 66382144, 66923765, 67468241, 68013830, 68559175, 69104928, 69653849, 70202678, 70751693, 71304593, 71858057, 72411853, 72965636, 73520070, 74076701, 74634879, 75192127, 75752200, 76312366, 76875442, 77437914, 78003530, 78567801, 79134912, 79701838, 80272353, 80839095, 81407660, 81977927, 82547358, 83120782, 83693534, 84267139, 84842186, 85418305, 85997200, 86575135]

[33mBuilt regression model![0m
Model info:
	r^2:		0.9999999871019877
	p-value:	0
	intercept:	-3.293392425140759
	slope:	1.3382443253139122
Fractal dimension: 1.3382443253139122
