[33mCounting circles[0m
8%		10m 39.379408976000036s remaining
17%		9m 41.323669995000046s remaining
25%		8m 43.24199546600005s remaining
33%		7m 45.086686224000005s remaining
42%		6m 46.97614521700001s remaining
50%		5m 48.861416034s remaining
58%		4m 50.73351449199998s remaining
67%		3m 52.592722769000005s remaining
75%		2m 54.45663622000001s remaining
83%		1m 56.303382787000004s remaining
92%		58.149826552s remaining

Took 11m 37.78409909599998s to count circles

[33mDone counting circles![0m
sample points:
[5050000.0, 5100000.0, 5150000.0, 5200000.0, 5250000.0, 5300000.0, 5350000.0, 5400000.0, 5450000.0, 5500000.0, 5550000.0, 5600000.0, 5650000.0, 5700000.0, 5750000.0, 5800000.0, 5850000.0, 5900000.0, 5950000.0, 6000000.0, 6050000.0, 6100000.0, 6150000.0, 6200000.0, 6250000.0, 6300000.0, 6350000.0, 6400000.0, 6450000.0, 6500000.0, 6550000.0, 6600000.0, 6650000.0, 6700000.0, 6750000.0, 6800000.0, 6850000.0, 6900000.0, 6950000.0, 7000000.0, 7050000.0, 7100000.0, 7150000.0, 7200000.0, 7250000.0, 7300000.0, 7350000.0, 7400000.0, 7450000.0, 7500000.0, 7550000.0, 7600000.0, 7650000.0, 7700000.0, 7750000.0, 7800000.0, 7850000.0, 7900000.0, 7950000.0, 8000000.0, 8050000.0, 8100000.0, 8150000.0, 8200000.0, 8250000.0, 8300000.0, 8350000.0, 8400000.0, 8450000.0, 8500000.0, 8550000.0, 8600000.0, 8650000.0, 8700000.0, 8750000.0, 8800000.0, 8850000.0, 8900000.0, 8950000.0, 9000000.0, 9050000.0, 9100000.0, 9150000.0, 9200000.0, 9250000.0, 9300000.0, 9350000.0, 9400000.0, 9450000.0, 9500000.0, 9550000.0, 9600000.0, 9650000.0, 9700000.0, 9750000.0, 9800000.0, 9850000.0, 9900000.0, 9950000.0, 10000000.0]

number of circles fewer than each of those sample points:
[175548545, 178079862, 180622683, 183178276, 185745269, 188322646, 190911808, 193509352, 196121477, 198740450, 201373416, 204015901, 206665223, 209326946, 212000477, 214684062, 217376574, 220077578, 222795624, 225520601, 228254674, 231001969, 233763304, 236531766, 239308958, 242097909, 244897553, 247708641, 250524313, 253353465, 256194659, 259043389, 261902660, 264769167, 267644884, 270529935, 273425243, 276330307, 279245694, 282170671, 285106046, 288048613, 291003471, 293968251, 296940697, 299922184, 302915755, 305919212, 308927962, 311948119, 314974743, 318011267, 321057106, 324110694, 327176018, 330249964, 333332829, 336423474, 339524142, 342637837, 345755280, 348878645, 352013938, 355154027, 358305122, 361467134, 364634922, 367811805, 370997863, 374194762, 377397029, 380608458, 383829311, 387057705, 390294395, 393540959, 396793935, 400056530, 403325755, 406606719, 409893624, 413194011, 416496635, 419809771, 423130908, 426459101, 429793553, 433136674, 436489456, 439851592, 443218201, 446597954, 449986385, 453380343, 456781470, 460190398, 463606883, 467030336, 470463309, 473903616]

[33mBuilt regression model![0m
Model info:
	r^2:		0.9999999949416333
	p-value:	0
	intercept:	-3.453279224431501
	slope:	1.453633058999394
Fractal dimension: 1.453633058999394
