[33mCounting circles[0m
8%		2252m 47.284671100002015s remaining
17%		2038m 2.6813045349990716s remaining
25%		1824m 16.67277064100199s remaining
33%		1616m 48.6016497380042s remaining
42%		1414m 27.379088924004463s remaining
50%		1214m 45.96442346200638s remaining
58%		1013m 24.28873235899664s remaining
67%		810m 7.427580768999178s remaining
75%		606m 50.162950224999804s remaining
83%		404m 17.073418897998636s remaining
92%		202m 16.857046570999955s remaining

Took 2430m 1.407960454991553s to count circles

[33mDone counting circles![0m
sample points:
[303000000.0, 306000000.0, 309000000.0, 312000000.0, 315000000.0, 318000000.0, 321000000.0, 324000000.0, 327000000.0, 330000000.0, 333000000.0, 336000000.0, 339000000.0, 342000000.0, 345000000.0, 348000000.0, 351000000.0, 354000000.0, 357000000.0, 360000000.0, 363000000.0, 366000000.0, 369000000.0, 372000000.0, 375000000.0, 378000000.0, 381000000.0, 384000000.0, 387000000.0, 390000000.0, 393000000.0, 396000000.0, 399000000.0, 402000000.0, 405000000.0, 408000000.0, 411000000.0, 414000000.0, 417000000.0, 420000000.0, 423000000.0, 426000000.0, 429000000.0, 432000000.0, 435000000.0, 438000000.0, 441000000.0, 444000000.0, 447000000.0, 450000000.0, 453000000.0, 456000000.0, 459000000.0, 462000000.0, 465000000.0, 468000000.0, 471000000.0, 474000000.0, 477000000.0, 480000000.0, 483000000.0, 486000000.0, 489000000.0, 492000000.0, 495000000.0, 498000000.0, 501000000.0, 504000000.0, 507000000.0, 510000000.0, 513000000.0, 516000000.0, 519000000.0, 522000000.0, 525000000.0, 528000000.0, 531000000.0, 534000000.0, 537000000.0, 540000000.0, 543000000.0, 546000000.0, 549000000.0, 552000000.0, 555000000.0, 558000000.0, 561000000.0, 564000000.0, 567000000.0, 570000000.0, 573000000.0, 576000000.0, 579000000.0, 582000000.0, 585000000.0, 588000000.0, 591000000.0, 594000000.0, 597000000.0, 600000000.0]

number of circles fewer than each of those sample points:
[35810810495, 36312670547, 36816565515, 37322555646, 37830491938, 38340429294, 38852415467, 39366352645, 39882252474, 40400125278, 40919944243, 41441692275, 41965355122, 42490952909, 43018413123, 43547781238, 44079104690, 44612255944, 45147262204, 45684149165, 46222891831, 46763439915, 47305848238, 47850082208, 48396103087, 48943924988, 49493602795, 50045015847, 50598261443, 51153270061, 51710048318, 52268512844, 52828722723, 53390674294, 53954417914, 54519867818, 55087014402, 55655847792, 56226476831, 56798771154, 57372772114, 57948425052, 58525760054, 59104724212, 59685351895, 60267685736, 60851655073, 61437264454, 62024526396, 62613421162, 63203920375, 63796091128, 64389833431, 64985180378, 65582134819, 66180642761, 66780719051, 67382402292, 67985641455, 68590441106, 69196808244, 69804733509, 70414218808, 71025269493, 71637824298, 72251904804, 72867572230, 73484653649, 74103323526, 74723515949, 75345155713, 75968351193, 76593063062, 77219246905, 77846884717, 78476064780, 79106677636, 79738767585, 80372356492, 81007392314, 81643871007, 82281807987, 82921199072, 83561974056, 84204216936, 84847924869, 85493034094, 86139586008, 86787566488, 87436972750, 88087700585, 88739930725, 89393577846, 90048585959, 90705004140, 91362841143, 92022043709, 92682629039, 93344581752, 94007905152]

[33mBuilt regression model![0m
Model info:
	r^2:		0.9999999999867792
	p-value:	0
	intercept:	-3.2868608077755113
	slope:	1.4126699173717023
Fractal dimension: 1.4126699173717023
