[33mCounting circles[0m
10%		1620m 48.0142152269982s remaining
20%		1439m 41.841871219992754s remaining
30%		1258m 21.649017439995077s remaining
40%		1078m 37.22883652499877s remaining
50%		899m 0.4975720270012971s remaining
60%		719m 16.690115293997223s remaining
70%		539m 20.00503794299948s remaining
80%		359m 28.433574589998898s remaining
90%		179m 45.328646398000274s remaining

Took 1797m 58.19716429100663s to count circles

[33mDone counting circles![0m
sample points:
[303000000.0, 306000000.0, 309000000.0, 312000000.0, 315000000.0, 318000000.0, 321000000.0, 324000000.0, 327000000.0, 330000000.0, 333000000.0, 336000000.0, 339000000.0, 342000000.0, 345000000.0, 348000000.0, 351000000.0, 354000000.0, 357000000.0, 360000000.0, 363000000.0, 366000000.0, 369000000.0, 372000000.0, 375000000.0, 378000000.0, 381000000.0, 384000000.0, 387000000.0, 390000000.0, 393000000.0, 396000000.0, 399000000.0, 402000000.0, 405000000.0, 408000000.0, 411000000.0, 414000000.0, 417000000.0, 420000000.0, 423000000.0, 426000000.0, 429000000.0, 432000000.0, 435000000.0, 438000000.0, 441000000.0, 444000000.0, 447000000.0, 450000000.0, 453000000.0, 456000000.0, 459000000.0, 462000000.0, 465000000.0, 468000000.0, 471000000.0, 474000000.0, 477000000.0, 480000000.0, 483000000.0, 486000000.0, 489000000.0, 492000000.0, 495000000.0, 498000000.0, 501000000.0, 504000000.0, 507000000.0, 510000000.0, 513000000.0, 516000000.0, 519000000.0, 522000000.0, 525000000.0, 528000000.0, 531000000.0, 534000000.0, 537000000.0, 540000000.0, 543000000.0, 546000000.0, 549000000.0, 552000000.0, 555000000.0, 558000000.0, 561000000.0, 564000000.0, 567000000.0, 570000000.0, 573000000.0, 576000000.0, 579000000.0, 582000000.0, 585000000.0, 588000000.0, 591000000.0, 594000000.0, 597000000.0, 600000000.0]

number of circles fewer than each of those sample points:
[30511189063, 30934868460, 31360273663, 31787322562, 32215981856, 32646275515, 33078244012, 33511783092, 33946949157, 34383682995, 34822017716, 35261960392, 35703510960, 36146580457, 36591209022, 37037378642, 37485069812, 37934312235, 38385103895, 38837399939, 39291214661, 39746529243, 40203362475, 40661641854, 41121422097, 41582671114, 42045347987, 42509485384, 42975081066, 43442144671, 43910628752, 44380534911, 44851857711, 45324579481, 45798759480, 46274357187, 46751379944, 47229757766, 47709539230, 48190664040, 48673191102, 49157097644, 49642342353, 50128980331, 50616996802, 51106304014, 51596930968, 52088915653, 52582225124, 53076886092, 53572826173, 54070140063, 54568746593, 55068669157, 55569851576, 56072351565, 56576132087, 57081179129, 57587510937, 58095152911, 58604060986, 59114216079, 59625600348, 60138286018, 60652205384, 61167369881, 61683791328, 62201461043, 62720370054, 63240498012, 63761844239, 64284419270, 64808230177, 65333264526, 65859445406, 66386841040, 66915466477, 67445319369, 67976281819, 68508471273, 69041841676, 69576407202, 70112164911, 70649087345, 71187166112, 71726391371, 72266767032, 72808305192, 73351002778, 73894886884, 74439896165, 74986059868, 75533342837, 76081754220, 76631270610, 77181961258, 77733700490, 78286609679, 78840615320, 79395803228]

[33mBuilt regression model![0m
Model info:
	r^2:		0.9999999999668207
	p-value:	0
	intercept:	-3.1959334156113997
	slope:	1.3998132969928283
Fractal dimension: 1.3998132969928283
