[33mCounting circles[0m
13%		980m 39.5659025299974s remaining
25%		840m 41.97010750199843s remaining
38%		700m 59.56344547500339s remaining
50%		560m 41.71278804200119s remaining
63%		420m 28.222135783998965s remaining
75%		280m 17.99271884799964s remaining
88%		140m 12.863818522000656s remaining

Took 1122m 1.535375353996642s to count circles

[33mDone counting circles![0m
sample points:
[303000000.0, 306000000.0, 309000000.0, 312000000.0, 315000000.0, 318000000.0, 321000000.0, 324000000.0, 327000000.0, 330000000.0, 333000000.0, 336000000.0, 339000000.0, 342000000.0, 345000000.0, 348000000.0, 351000000.0, 354000000.0, 357000000.0, 360000000.0, 363000000.0, 366000000.0, 369000000.0, 372000000.0, 375000000.0, 378000000.0, 381000000.0, 384000000.0, 387000000.0, 390000000.0, 393000000.0, 396000000.0, 399000000.0, 402000000.0, 405000000.0, 408000000.0, 411000000.0, 414000000.0, 417000000.0, 420000000.0, 423000000.0, 426000000.0, 429000000.0, 432000000.0, 435000000.0, 438000000.0, 441000000.0, 444000000.0, 447000000.0, 450000000.0, 453000000.0, 456000000.0, 459000000.0, 462000000.0, 465000000.0, 468000000.0, 471000000.0, 474000000.0, 477000000.0, 480000000.0, 483000000.0, 486000000.0, 489000000.0, 492000000.0, 495000000.0, 498000000.0, 501000000.0, 504000000.0, 507000000.0, 510000000.0, 513000000.0, 516000000.0, 519000000.0, 522000000.0, 525000000.0, 528000000.0, 531000000.0, 534000000.0, 537000000.0, 540000000.0, 543000000.0, 546000000.0, 549000000.0, 552000000.0, 555000000.0, 558000000.0, 561000000.0, 564000000.0, 567000000.0, 570000000.0, 573000000.0, 576000000.0, 579000000.0, 582000000.0, 585000000.0, 588000000.0, 591000000.0, 594000000.0, 597000000.0, 600000000.0]

number of circles fewer than each of those sample points:
[23390968815, 23710804275, 24031772977, 24353949115, 24677309054, 25001848525, 25327545554, 25654400569, 25982367599, 26311452800, 26641710954, 26973130196, 27305665284, 27639279178, 27974036701, 28309866722, 28646814995, 28984876824, 29324021839, 29664234498, 30005507504, 30347862257, 30691284856, 31035771769, 31381287819, 31727845125, 32075438417, 32424078915, 32773775194, 33124469945, 33476189269, 33828895064, 34182657806, 34537411747, 34893136927, 35249886394, 35607638383, 35966396612, 36326086943, 36686804462, 37048449075, 37411138298, 37774737222, 38139305094, 38504798140, 38871281960, 39238744094, 39607176471, 39976530348, 40346833889, 40718046091, 41090182685, 41463270695, 41837256843, 42212201505, 42588022361, 42964756605, 43342395119, 43720928111, 44100355243, 44480658787, 44861883388, 45243978582, 45626965226, 46010854780, 46395639055, 46781298335, 47167840625, 47555257177, 47943560125, 48332669672, 48722640208, 49113505017, 49505204408, 49897780806, 50291207845, 50685499699, 51080594898, 51476550380, 51873294938, 52270906980, 52669349346, 53068651111, 53468783250, 53869708333, 54271485693, 54674070053, 55077461708, 55481634582, 55886656586, 56292490168, 56699095234, 57106498359, 57514716609, 57923740419, 58333546889, 58744175977, 59155592990, 59567778235, 59980755149]

[33mBuilt regression model![0m
Model info:
	r^2:		0.9999999997470483
	p-value:	0
	intercept:	-3.0421493590607867
	slope:	1.378331544899613
Fractal dimension: 1.378331544899613
