[33mCounting circles[0m
7%		13.937713335s remaining
14%		12.65590134s remaining
21%		11.435576452s remaining
29%		10.314929322s remaining
36%		9.28964917s remaining
43%		8.305131266s remaining
50%		7.311412755s remaining
57%		6.285350422s remaining
64%		5.23237337s remaining
71%		4.171271899s remaining
79%		3.118346572s remaining
86%		2.077864951s remaining
93%		1.041133382s remaining

Took 14.617030009s to count circles

[33mDone counting circles![0m
sample points:
[505000.0, 510000.0, 515000.0, 520000.0, 525000.0, 530000.0, 535000.0, 540000.0, 545000.0, 550000.0, 555000.0, 560000.0, 565000.0, 570000.0, 575000.0, 580000.0, 585000.0, 590000.0, 595000.0, 600000.0, 605000.0, 610000.0, 615000.0, 620000.0, 625000.0, 630000.0, 635000.0, 640000.0, 645000.0, 650000.0, 655000.0, 660000.0, 665000.0, 670000.0, 675000.0, 680000.0, 685000.0, 690000.0, 695000.0, 700000.0, 705000.0, 710000.0, 715000.0, 720000.0, 725000.0, 730000.0, 735000.0, 740000.0, 745000.0, 750000.0, 755000.0, 760000.0, 765000.0, 770000.0, 775000.0, 780000.0, 785000.0, 790000.0, 795000.0, 800000.0, 805000.0, 810000.0, 815000.0, 820000.0, 825000.0, 830000.0, 835000.0, 840000.0, 845000.0, 850000.0, 855000.0, 860000.0, 865000.0, 870000.0, 875000.0, 880000.0, 885000.0, 890000.0, 895000.0, 900000.0, 905000.0, 910000.0, 915000.0, 920000.0, 925000.0, 930000.0, 935000.0, 940000.0, 945000.0, 950000.0, 955000.0, 960000.0, 965000.0, 970000.0, 975000.0, 980000.0, 985000.0, 990000.0, 995000.0, 1000000.0]

number of circles fewer than each of those sample points:
[5942372, 6033200, 6125087, 6217124, 6309464, 6402007, 6495077, 6589266, 6683106, 6777993, 6873659, 6969965, 7065437, 7161854, 7259203, 7356630, 7455274, 7553997, 7652648, 7751716, 7851175, 7951778, 8052585, 8154620, 8256488, 8358696, 8460985, 8564369, 8667855, 8771830, 8875616, 8980229, 9085672, 9191377, 9296731, 9403422, 9510125, 9617666, 9725231, 9833044, 9941667, 10050629, 10160216, 10270107, 10380541, 10491333, 10602196, 10713933, 10825704, 10938461, 11050771, 11164141, 11277219, 11391115, 11505394, 11620021, 11735324, 11851165, 11967600, 12084223, 12201010, 12317937, 12434994, 12553247, 12671927, 12791059, 12909993, 13030005, 13149485, 13269409, 13390349, 13510794, 13632209, 13753882, 13876523, 13998952, 14122140, 14244643, 14367824, 14492040, 14616306, 14741648, 14866838, 14991846, 15117770, 15243834, 15370313, 15497270, 15625283, 15752743, 15881201, 16010157, 16138941, 16267686, 16397149, 16527208, 16658222, 16788382, 16919944, 17050393]

[33mBuilt regression model![0m
Model info:
	r^2:		0.9999999712453733
	p-value:	0
	intercept:	-4.665523400327974
	slope:	1.542991254200265
Fractal dimension: 1.542991254200265
