[33mCounting circles[0m
8%		11.490103316999999s remaining
17%		10.391362125s remaining
25%		9.33055671s remaining
33%		8.287479356s remaining
42%		7.261882824s remaining
50%		6.234560693s remaining
58%		5.198455245s remaining
67%		4.156952323s remaining
75%		3.114907166s remaining
83%		2.075592087s remaining
92%		1.038052947s remaining

Took 12.465514207s to count circles

[33mDone counting circles![0m
sample points:
[505000.0, 510000.0, 515000.0, 520000.0, 525000.0, 530000.0, 535000.0, 540000.0, 545000.0, 550000.0, 555000.0, 560000.0, 565000.0, 570000.0, 575000.0, 580000.0, 585000.0, 590000.0, 595000.0, 600000.0, 605000.0, 610000.0, 615000.0, 620000.0, 625000.0, 630000.0, 635000.0, 640000.0, 645000.0, 650000.0, 655000.0, 660000.0, 665000.0, 670000.0, 675000.0, 680000.0, 685000.0, 690000.0, 695000.0, 700000.0, 705000.0, 710000.0, 715000.0, 720000.0, 725000.0, 730000.0, 735000.0, 740000.0, 745000.0, 750000.0, 755000.0, 760000.0, 765000.0, 770000.0, 775000.0, 780000.0, 785000.0, 790000.0, 795000.0, 800000.0, 805000.0, 810000.0, 815000.0, 820000.0, 825000.0, 830000.0, 835000.0, 840000.0, 845000.0, 850000.0, 855000.0, 860000.0, 865000.0, 870000.0, 875000.0, 880000.0, 885000.0, 890000.0, 895000.0, 900000.0, 905000.0, 910000.0, 915000.0, 920000.0, 925000.0, 930000.0, 935000.0, 940000.0, 945000.0, 950000.0, 955000.0, 960000.0, 965000.0, 970000.0, 975000.0, 980000.0, 985000.0, 990000.0, 995000.0, 1000000.0]

number of circles fewer than each of those sample points:
[5803088, 5890888, 5980140, 6069609, 6159142, 6248718, 6339321, 6430259, 6521675, 6614089, 6706349, 6798843, 6891840, 6986427, 7080150, 7174412, 7270000, 7364892, 7460608, 7557543, 7653947, 7750455, 7847799, 7945767, 8043652, 8142453, 8241299, 8341545, 8441985, 8542261, 8642918, 8744295, 8845837, 8948386, 9050853, 9154108, 9257243, 9361163, 9465217, 9569272, 9674167, 9779562, 9884973, 9990919, 10097378, 10203846, 10310853, 10418225, 10525939, 10634559, 10743516, 10852717, 10962222, 11072347, 11182115, 11292602, 11404141, 11515220, 11627235, 11739492, 11851876, 11964719, 12078296, 12191749, 12305963, 12419858, 12534305, 12649049, 12764980, 12880490, 12997314, 13113738, 13230924, 13348736, 13466129, 13584624, 13703697, 13822188, 13940214, 14060285, 14180016, 14300664, 14421290, 14541808, 14663087, 14783833, 14905569, 15027311, 15149745, 15272399, 15396523, 15521024, 15645369, 15770342, 15895213, 16020338, 16145067, 16269919, 16395706, 16522715]

[33mBuilt regression model![0m
Model info:
	r^2:		0.9999999644369004
	p-value:	0
	intercept:	-4.53658346481382
	slope:	1.531379367948449
Fractal dimension: 1.531379367948449
