[33mCounting circles[0m
6%		16.780242434s remaining
13%		15.184758953s remaining
19%		13.653270024s remaining
25%		12.302522643s remaining
31%		11.165182971s remaining
38%		10.194137211s remaining
44%		9.287748037s remaining
50%		8.361130052s remaining
56%		7.370011288s remaining
63%		6.316716321s remaining
69%		5.231758257s remaining
75%		4.153583008s remaining
81%		3.100431542s remaining
88%		2.06799167s remaining
94%		1.039160728s remaining

Took 16.726698879s to count circles

[33mDone counting circles![0m
sample points:
[505000.0, 510000.0, 515000.0, 520000.0, 525000.0, 530000.0, 535000.0, 540000.0, 545000.0, 550000.0, 555000.0, 560000.0, 565000.0, 570000.0, 575000.0, 580000.0, 585000.0, 590000.0, 595000.0, 600000.0, 605000.0, 610000.0, 615000.0, 620000.0, 625000.0, 630000.0, 635000.0, 640000.0, 645000.0, 650000.0, 655000.0, 660000.0, 665000.0, 670000.0, 675000.0, 680000.0, 685000.0, 690000.0, 695000.0, 700000.0, 705000.0, 710000.0, 715000.0, 720000.0, 725000.0, 730000.0, 735000.0, 740000.0, 745000.0, 750000.0, 755000.0, 760000.0, 765000.0, 770000.0, 775000.0, 780000.0, 785000.0, 790000.0, 795000.0, 800000.0, 805000.0, 810000.0, 815000.0, 820000.0, 825000.0, 830000.0, 835000.0, 840000.0, 845000.0, 850000.0, 855000.0, 860000.0, 865000.0, 870000.0, 875000.0, 880000.0, 885000.0, 890000.0, 895000.0, 900000.0, 905000.0, 910000.0, 915000.0, 920000.0, 925000.0, 930000.0, 935000.0, 940000.0, 945000.0, 950000.0, 955000.0, 960000.0, 965000.0, 970000.0, 975000.0, 980000.0, 985000.0, 990000.0, 995000.0, 1000000.0]

number of circles fewer than each of those sample points:
[6034839, 6127360, 6221181, 6315228, 6409856, 6504846, 6600167, 6696436, 6792957, 6889439, 6987042, 7085450, 7183837, 7282505, 7381715, 7481591, 7581880, 7682884, 7783708, 7885109, 7987495, 8090270, 8193532, 8297095, 8401107, 8505099, 8610308, 8715276, 8821249, 8927211, 9034509, 9141174, 9249334, 9357018, 9465871, 9575359, 9684816, 9795269, 9905295, 10015611, 10127022, 10238162, 10350339, 10463141, 10576109, 10689398, 10802430, 10916091, 11030081, 11144626, 11260303, 11376599, 11492774, 11609578, 11726403, 11843635, 11961493, 12080053, 12198591, 12317569, 12437594, 12557382, 12677545, 12797978, 12919620, 13041507, 13164144, 13286424, 13409768, 13532843, 13657021, 13780907, 13905771, 14030926, 14156394, 14282203, 14407871, 14534100, 14660296, 14787124, 14914646, 15042334, 15170801, 15299277, 15428405, 15558189, 15687858, 15818189, 15949048, 16079985, 16211876, 16344138, 16476856, 16608880, 16741315, 16874867, 17008996, 17143492, 17278284, 17413588]

[33mBuilt regression model![0m
Model info:
	r^2:		0.999999949605128
	p-value:	0
	intercept:	-4.752231829048007
	slope:	1.550786946936712
Fractal dimension: 1.550786946936712
