[33mCounting circles[0m
10%		9.249421338s remaining
20%		8.214746712s remaining
30%		7.187257823s remaining
40%		6.158580517s remaining
50%		5.13018847s remaining
60%		4.104070405s remaining
70%		3.079772494s remaining
80%		2.053034603s remaining
90%		1.026429424s remaining

Took 10.262934771s to count circles

[33mDone counting circles![0m
sample points:
[505000.0, 510000.0, 515000.0, 520000.0, 525000.0, 530000.0, 535000.0, 540000.0, 545000.0, 550000.0, 555000.0, 560000.0, 565000.0, 570000.0, 575000.0, 580000.0, 585000.0, 590000.0, 595000.0, 600000.0, 605000.0, 610000.0, 615000.0, 620000.0, 625000.0, 630000.0, 635000.0, 640000.0, 645000.0, 650000.0, 655000.0, 660000.0, 665000.0, 670000.0, 675000.0, 680000.0, 685000.0, 690000.0, 695000.0, 700000.0, 705000.0, 710000.0, 715000.0, 720000.0, 725000.0, 730000.0, 735000.0, 740000.0, 745000.0, 750000.0, 755000.0, 760000.0, 765000.0, 770000.0, 775000.0, 780000.0, 785000.0, 790000.0, 795000.0, 800000.0, 805000.0, 810000.0, 815000.0, 820000.0, 825000.0, 830000.0, 835000.0, 840000.0, 845000.0, 850000.0, 855000.0, 860000.0, 865000.0, 870000.0, 875000.0, 880000.0, 885000.0, 890000.0, 895000.0, 900000.0, 905000.0, 910000.0, 915000.0, 920000.0, 925000.0, 930000.0, 935000.0, 940000.0, 945000.0, 950000.0, 955000.0, 960000.0, 965000.0, 970000.0, 975000.0, 980000.0, 985000.0, 990000.0, 995000.0, 1000000.0]

number of circles fewer than each of those sample points:
[5566411, 5649909, 5733681, 5818221, 5903227, 5988273, 6073491, 6159853, 6246606, 6333419, 6420530, 6508033, 6595601, 6683979, 6773387, 6862789, 6952141, 7042219, 7133436, 7224057, 7315293, 7407164, 7499452, 7591849, 7684438, 7777718, 7871419, 7965256, 8060096, 8154694, 8250113, 8345696, 8441798, 8537382, 8634481, 8731431, 8828619, 8926302, 9024760, 9123319, 9222314, 9321207, 9421100, 9521361, 9621177, 9722165, 9823808, 9924375, 10025607, 10127844, 10230245, 10332533, 10435421, 10538689, 10641921, 10745810, 10850647, 10955402, 11061164, 11165894, 11271515, 11377881, 11484507, 11591117, 11697745, 11805057, 11912422, 12020141, 12127935, 12236605, 12345247, 12454690, 12564728, 12674618, 12785178, 12895854, 13007066, 13119049, 13231044, 13343045, 13455203, 13567575, 13680403, 13793707, 13907444, 14021177, 14135128, 14249855, 14364301, 14478729, 14594279, 14710048, 14825636, 14942136, 15059437, 15176432, 15293499, 15411394, 15529998, 15648612]

[33mBuilt regression model![0m
Model info:
	r^2:		0.9999999080238747
	p-value:	0
	intercept:	-4.3372441095650345
	slope:	1.5130204399195448
Fractal dimension: 1.5130204399195448
