[33mCounting circles[0m
17%		3.623662225s remaining
33%		2.895144522s remaining
50%		2.170547859s remaining
67%		1.446029517s remaining
83%		0.722686969s remaining

Took 4.334511951s to count circles

[33mDone counting circles![0m
sample points:
[505000.0, 510000.0, 515000.0, 520000.0, 525000.0, 530000.0, 535000.0, 540000.0, 545000.0, 550000.0, 555000.0, 560000.0, 565000.0, 570000.0, 575000.0, 580000.0, 585000.0, 590000.0, 595000.0, 600000.0, 605000.0, 610000.0, 615000.0, 620000.0, 625000.0, 630000.0, 635000.0, 640000.0, 645000.0, 650000.0, 655000.0, 660000.0, 665000.0, 670000.0, 675000.0, 680000.0, 685000.0, 690000.0, 695000.0, 700000.0, 705000.0, 710000.0, 715000.0, 720000.0, 725000.0, 730000.0, 735000.0, 740000.0, 745000.0, 750000.0, 755000.0, 760000.0, 765000.0, 770000.0, 775000.0, 780000.0, 785000.0, 790000.0, 795000.0, 800000.0, 805000.0, 810000.0, 815000.0, 820000.0, 825000.0, 830000.0, 835000.0, 840000.0, 845000.0, 850000.0, 855000.0, 860000.0, 865000.0, 870000.0, 875000.0, 880000.0, 885000.0, 890000.0, 895000.0, 900000.0, 905000.0, 910000.0, 915000.0, 920000.0, 925000.0, 930000.0, 935000.0, 940000.0, 945000.0, 950000.0, 955000.0, 960000.0, 965000.0, 970000.0, 975000.0, 980000.0, 985000.0, 990000.0, 995000.0, 1000000.0]

number of circles fewer than each of those sample points:
[3588978, 3639095, 3689324, 3740088, 3790803, 3841970, 3892634, 3944217, 3995513, 4046987, 4098591, 4150908, 4203364, 4255905, 4309048, 4362027, 4415194, 4468227, 4521566, 4575753, 4629335, 4683632, 4737911, 4791803, 4846413, 4901396, 4956383, 5011353, 5066607, 5122615, 5177599, 5233201, 5288748, 5344605, 5400500, 5457047, 5513780, 5570144, 5627510, 5684633, 5741577, 5799061, 5856394, 5914173, 5972512, 6030494, 6088803, 6147126, 6205453, 6264068, 6323051, 6382254, 6441311, 6500361, 6560127, 6619473, 6679591, 6739732, 6799966, 6860078, 6920370, 6980681, 7040939, 7101514, 7162355, 7223374, 7283839, 7345477, 7406406, 7467533, 7529675, 7591753, 7653462, 7715682, 7778091, 7840077, 7902721, 7965400, 8028007, 8091282, 8154301, 8217789, 8281779, 8346491, 8410181, 8473435, 8538034, 8602606, 8667055, 8731095, 8795704, 8861060, 8925827, 8990742, 9056109, 9121259, 9186991, 9253006, 9319103, 9385354]

[33mBuilt regression model![0m
Model info:
	r^2:		0.9999993246025639
	p-value:	0.0000000000000000000000000000000000000000000000000000000000000000000000000000000000000000000000000000000000000000000000000000000000000000000000000000000000000000000000000000000000000000000000000000000000000000000000000000000000000000000000000000000000000000000000000000000000000000000000000000000000000003577917055297621
	intercept:	-3.3790168406201992
	slope:	1.406664690865384
Fractal dimension: 1.406664690865384
