[33mCounting circles[0m
13%		984m 39.10111606300052s remaining
25%		844m 8.585913690003508s remaining
38%		703m 49.15410818999953s remaining
50%		563m 2.976197850999597s remaining
63%		422m 19.267338337998808s remaining
75%		281m 33.62644269199882s remaining
88%		140m 46.768449868999596s remaining

Took 1126m 11.136940643002163s to count circles

[33mDone counting circles![0m
sample points:
[252500000.0, 255000000.0, 257500000.0, 260000000.0, 262500000.0, 265000000.0, 267500000.0, 270000000.0, 272500000.0, 275000000.0, 277500000.0, 280000000.0, 282500000.0, 285000000.0, 287500000.0, 290000000.0, 292500000.0, 295000000.0, 297500000.0, 300000000.0, 302500000.0, 305000000.0, 307500000.0, 310000000.0, 312500000.0, 315000000.0, 317500000.0, 320000000.0, 322500000.0, 325000000.0, 327500000.0, 330000000.0, 332500000.0, 335000000.0, 337500000.0, 340000000.0, 342500000.0, 345000000.0, 347500000.0, 350000000.0, 352500000.0, 355000000.0, 357500000.0, 360000000.0, 362500000.0, 365000000.0, 367500000.0, 370000000.0, 372500000.0, 375000000.0, 377500000.0, 380000000.0, 382500000.0, 385000000.0, 387500000.0, 390000000.0, 392500000.0, 395000000.0, 397500000.0, 400000000.0, 402500000.0, 405000000.0, 407500000.0, 410000000.0, 412500000.0, 415000000.0, 417500000.0, 420000000.0, 422500000.0, 425000000.0, 427500000.0, 430000000.0, 432500000.0, 435000000.0, 437500000.0, 440000000.0, 442500000.0, 445000000.0, 447500000.0, 450000000.0, 452500000.0, 455000000.0, 457500000.0, 460000000.0, 462500000.0, 465000000.0, 467500000.0, 470000000.0, 472500000.0, 475000000.0, 477500000.0, 480000000.0, 482500000.0, 485000000.0, 487500000.0, 490000000.0, 492500000.0, 495000000.0, 497500000.0, 500000000.0]

number of circles fewer than each of those sample points:
[49960172961, 50694037074, 51431529132, 52172355448, 52916707286, 53664362509, 54415452982, 55169938172, 55927833709, 56689023150, 57453567116, 58221363262, 58992548396, 59766965879, 60544636008, 61325589458, 62109697654, 62897163720, 63687823653, 64481649058, 65278705856, 66078911767, 66882245978, 67688707598, 68498320903, 69311016096, 70126806170, 70945745594, 71767733293, 72592782187, 73420916667, 74252140872, 75086247459, 75923429981, 76763654233, 77606827304, 78453034407, 79302174345, 80154272406, 81009325035, 81867267511, 82728120334, 83592032788, 84458754444, 85328372659, 86200830445, 87076213683, 87954457844, 88835507614, 89719490132, 90606335774, 91495854618, 92388261421, 93283559990, 94181603559, 95082354628, 95985996861, 96892350819, 97801548481, 98713451139, 99628086173, 100545458709, 101465582271, 102388480691, 103313990221, 104242164404, 105173073786, 106106571493, 107042916805, 107981799243, 108923398234, 109867564587, 110814488551, 111763929189, 112716005285, 113670741961, 114628109989, 115588088658, 116550619691, 117515734038, 118483369575, 119453596046, 120426512898, 121401895832, 122379838856, 123360233968, 124343316252, 125328881431, 126316919485, 127307457874, 128300557391, 129296093220, 130294104266, 131294726607, 132297751212, 133303192519, 134311194515, 135321705617, 136334520510, 137349853966]

[33mBuilt regression model![0m
Model info:
	r^2:		0.9999999999806262
	p-value:	0
	intercept:	-4.003865795082838
	slope:	1.4802540165320217
Fractal dimension: 1.4802540165320217
