[33mCounting circles[0m
8%		1039m 14.719739081003354s remaining
17%		944m 2.618577834997268s remaining
25%		850m 20.047768331998668s remaining
33%		755m 52.18423375800194s remaining
42%		665m 0.8977819819992874s remaining
50%		571m 14.915444771999319s remaining
58%		475m 27.010115100001713s remaining
67%		379m 59.79396771200118s remaining
75%		284m 46.53362105400083s remaining
83%		189m 44.06339918000049s remaining
92%		94m 49.98993648400028s remaining

Took 1137m 58.45023444699473s to count circles

[33mDone counting circles![0m
sample points:
[252500000.0, 255000000.0, 257500000.0, 260000000.0, 262500000.0, 265000000.0, 267500000.0, 270000000.0, 272500000.0, 275000000.0, 277500000.0, 280000000.0, 282500000.0, 285000000.0, 287500000.0, 290000000.0, 292500000.0, 295000000.0, 297500000.0, 300000000.0, 302500000.0, 305000000.0, 307500000.0, 310000000.0, 312500000.0, 315000000.0, 317500000.0, 320000000.0, 322500000.0, 325000000.0, 327500000.0, 330000000.0, 332500000.0, 335000000.0, 337500000.0, 340000000.0, 342500000.0, 345000000.0, 347500000.0, 350000000.0, 352500000.0, 355000000.0, 357500000.0, 360000000.0, 362500000.0, 365000000.0, 367500000.0, 370000000.0, 372500000.0, 375000000.0, 377500000.0, 380000000.0, 382500000.0, 385000000.0, 387500000.0, 390000000.0, 392500000.0, 395000000.0, 397500000.0, 400000000.0, 402500000.0, 405000000.0, 407500000.0, 410000000.0, 412500000.0, 415000000.0, 417500000.0, 420000000.0, 422500000.0, 425000000.0, 427500000.0, 430000000.0, 432500000.0, 435000000.0, 437500000.0, 440000000.0, 442500000.0, 445000000.0, 447500000.0, 450000000.0, 452500000.0, 455000000.0, 457500000.0, 460000000.0, 462500000.0, 465000000.0, 467500000.0, 470000000.0, 472500000.0, 475000000.0, 477500000.0, 480000000.0, 482500000.0, 485000000.0, 487500000.0, 490000000.0, 492500000.0, 495000000.0, 497500000.0, 500000000.0]

number of circles fewer than each of those sample points:
[14818385571, 15020196778, 15222734591, 15426007900, 15630032750, 15834792437, 16040264557, 16246435459, 16453342290, 16660945413, 16869273666, 17078287568, 17287967865, 17498338348, 17709416617, 17921190994, 18133605162, 18346726671, 18560550654, 18775002780, 18990147555, 19205947148, 19422415849, 19639552860, 19857350130, 20075761329, 20294832975, 20514545174, 20734896200, 20955891597, 21177520485, 21399751890, 21622639964, 21846176630, 22070315882, 22295065864, 22520470370, 22746468084, 22973042808, 23200217856, 23428019346, 23656456436, 23885466602, 24115077927, 24345305101, 24576096614, 24807507005, 25039484270, 25272067286, 25505231407, 25738994719, 25973318161, 26208189415, 26443652652, 26679677252, 26916262692, 27153446568, 27391173974, 27629459625, 27868299029, 28107737199, 28347720020, 28588246885, 28829318869, 29070952006, 29313134415, 29555845147, 29799117116, 30042937475, 30287285896, 30532164939, 30777574600, 31023515029, 31269986109, 31516996469, 31764527619, 32012576716, 32261150056, 32510255742, 32759874614, 33010025828, 33260689855, 33511859034, 33763543982, 34015736216, 34268467363, 34521694434, 34775405998, 35029631000, 35284369926, 35539626623, 35795358726, 36051597017, 36308342641, 36565564265, 36823294830, 37081482796, 37340209582, 37599437679, 37859113288]

[33mBuilt regression model![0m
Model info:
	r^2:		0.9999999997753742
	p-value:	0
	intercept:	-3.1430963461130474
	slope:	1.3729435268593073
Fractal dimension: 1.3729435268593073
