[33mCounting circles[0m
17%		248m 4.432717089999642s remaining
33%		198m 11.931172798000262s remaining
50%		148m 32.261323136999636s remaining
67%		99m 0.09366773900001135s remaining
83%		49m 31.468381056999988s remaining

Took 297m 14.281861854000454s to count circles

[33mDone counting circles![0m
sample points:
[252500000.0, 255000000.0, 257500000.0, 260000000.0, 262500000.0, 265000000.0, 267500000.0, 270000000.0, 272500000.0, 275000000.0, 277500000.0, 280000000.0, 282500000.0, 285000000.0, 287500000.0, 290000000.0, 292500000.0, 295000000.0, 297500000.0, 300000000.0, 302500000.0, 305000000.0, 307500000.0, 310000000.0, 312500000.0, 315000000.0, 317500000.0, 320000000.0, 322500000.0, 325000000.0, 327500000.0, 330000000.0, 332500000.0, 335000000.0, 337500000.0, 340000000.0, 342500000.0, 345000000.0, 347500000.0, 350000000.0, 352500000.0, 355000000.0, 357500000.0, 360000000.0, 362500000.0, 365000000.0, 367500000.0, 370000000.0, 372500000.0, 375000000.0, 377500000.0, 380000000.0, 382500000.0, 385000000.0, 387500000.0, 390000000.0, 392500000.0, 395000000.0, 397500000.0, 400000000.0, 402500000.0, 405000000.0, 407500000.0, 410000000.0, 412500000.0, 415000000.0, 417500000.0, 420000000.0, 422500000.0, 425000000.0, 427500000.0, 430000000.0, 432500000.0, 435000000.0, 437500000.0, 440000000.0, 442500000.0, 445000000.0, 447500000.0, 450000000.0, 452500000.0, 455000000.0, 457500000.0, 460000000.0, 462500000.0, 465000000.0, 467500000.0, 470000000.0, 472500000.0, 475000000.0, 477500000.0, 480000000.0, 482500000.0, 485000000.0, 487500000.0, 490000000.0, 492500000.0, 495000000.0, 497500000.0, 500000000.0]

number of circles fewer than each of those sample points:
[10783831573, 10926646498, 11069931543, 11213708673, 11357922802, 11502616995, 11647752935, 11793352123, 11939410119, 12085921737, 12232851276, 12380281871, 12528095858, 12676338753, 12825027856, 12974149965, 13123708946, 13273658878, 13424041966, 13574889182, 13726186197, 13877910253, 14030015223, 14182515631, 14335450746, 14488814572, 14642580564, 14796703271, 14951243138, 15106202014, 15261596463, 15417373975, 15573505969, 15730057465, 15887016975, 16044351695, 16202042516, 16360154473, 16518666148, 16677547844, 16836819339, 16996448350, 17156507677, 17316932395, 17477695719, 17638839806, 17800389509, 17962272072, 18124512999, 18287126529, 18450086344, 18613460055, 18777157837, 18941222251, 19105619516, 19270404988, 19435556229, 19601048952, 19766882295, 19933103590, 20099638720, 20266552261, 20433821813, 20601422075, 20769312102, 20937543942, 21106137597, 21275062087, 21444300224, 21613856893, 21783789246, 21954039393, 22124588258, 22295507695, 22466690893, 22638265092, 22810203307, 22982450517, 23154996161, 23327869054, 23501062053, 23674555688, 23848439044, 24022603094, 24197065601, 24371883613, 24547007830, 24722474525, 24898258254, 25074330424, 25250742353, 25427435320, 25604436278, 25781748865, 25959353131, 26137248027, 26315467638, 26494010956, 26672862159, 26851992565]

[33mBuilt regression model![0m
Model info:
	r^2:		0.9999999996411137
	p-value:	0
	intercept:	-2.733039888063047
	slope:	1.335321519346331
Fractal dimension: 1.335321519346331
