[33mCounting circles[0m
13%		110m 26.134992448999583s remaining
25%		94m 58.225154667000425s remaining
38%		79m 13.057680003000314s remaining
50%		63m 24.26460671599989s remaining
63%		47m 33.84340146600016s remaining
75%		31m 42.87405654200006s remaining
88%		15m 51.525477255000055s remaining

Took 126m 52.83643438299987s to count circles

[33mDone counting circles![0m
sample points:
[50500000.0, 51000000.0, 51500000.0, 52000000.0, 52500000.0, 53000000.0, 53500000.0, 54000000.0, 54500000.0, 55000000.0, 55500000.0, 56000000.0, 56500000.0, 57000000.0, 57500000.0, 58000000.0, 58500000.0, 59000000.0, 59500000.0, 60000000.0, 60500000.0, 61000000.0, 61500000.0, 62000000.0, 62500000.0, 63000000.0, 63500000.0, 64000000.0, 64500000.0, 65000000.0, 65500000.0, 66000000.0, 66500000.0, 67000000.0, 67500000.0, 68000000.0, 68500000.0, 69000000.0, 69500000.0, 70000000.0, 70500000.0, 71000000.0, 71500000.0, 72000000.0, 72500000.0, 73000000.0, 73500000.0, 74000000.0, 74500000.0, 75000000.0, 75500000.0, 76000000.0, 76500000.0, 77000000.0, 77500000.0, 78000000.0, 78500000.0, 79000000.0, 79500000.0, 80000000.0, 80500000.0, 81000000.0, 81500000.0, 82000000.0, 82500000.0, 83000000.0, 83500000.0, 84000000.0, 84500000.0, 85000000.0, 85500000.0, 86000000.0, 86500000.0, 87000000.0, 87500000.0, 88000000.0, 88500000.0, 89000000.0, 89500000.0, 90000000.0, 90500000.0, 91000000.0, 91500000.0, 92000000.0, 92500000.0, 93000000.0, 93500000.0, 94000000.0, 94500000.0, 95000000.0, 95500000.0, 96000000.0, 96500000.0, 97000000.0, 97500000.0, 98000000.0, 98500000.0, 99000000.0, 99500000.0, 100000000.0]

number of circles fewer than each of those sample points:
[4612899682, 4680681456, 4748771159, 4817177700, 4885899646, 4954935467, 5024290856, 5093959464, 5163928535, 5234213380, 5304776219, 5375684707, 5446870954, 5518352058, 5590162962, 5662263818, 5734659964, 5807366444, 5880349555, 5953626563, 6027230444, 6101104444, 6175264296, 6249715414, 6324461330, 6399479631, 6474802226, 6550424488, 6626341482, 6702507968, 6778989417, 6855725159, 6932736708, 7010046936, 7087623170, 7165463166, 7243623561, 7322016558, 7400713875, 7479676564, 7558880253, 7638384449, 7718140983, 7798161764, 7878482066, 7959051675, 8039868295, 8121005880, 8202380784, 8283998119, 8365860449, 8448007822, 8530384330, 8613038688, 8695929633, 8779097079, 8862533189, 8946191378, 9030124876, 9114328950, 9198800886, 9283485978, 9368444546, 9453640535, 9539109192, 9624793440, 9710717888, 9796947112, 9883381461, 9970057431, 10057002465, 10144170169, 10231578069, 10319250673, 10407141722, 10495288008, 10583676161, 10672342015, 10761208595, 10850315384, 10939669457, 11029252716, 11119083981, 11209152897, 11299459113, 11390003333, 11480750252, 11571751349, 11662975875, 11754453855, 11846152837, 11938063866, 12030209896, 12122573731, 12215190364, 12308022191, 12401083395, 12494381954, 12587923095, 12681665489]

[33mBuilt regression model![0m
Model info:
	r^2:		0.9999999997353075
	p-value:	0
	intercept:	-4.003765438810625
	slope:	1.480248628028886
Fractal dimension: 1.480248628028886
