[33mCounting circles[0m
8%		135m 29.97905121599979s remaining
17%		123m 38.8073135249997s remaining
25%		111m 6.598862568000186s remaining
33%		98m 40.9039899899999s remaining
42%		86m 18.774012521999794s remaining
50%		73m 58.20352873400043s remaining
58%		61m 37.617642153999896s remaining
67%		49m 17.52665286299998s remaining
75%		37m 2.1144091950000075s remaining
83%		24m 42.49637586499989s remaining
92%		12m 21.422587399999998s remaining

Took 148m 18.378086515000177s to count circles

[33mDone counting circles![0m
sample points:
[50500000.0, 51000000.0, 51500000.0, 52000000.0, 52500000.0, 53000000.0, 53500000.0, 54000000.0, 54500000.0, 55000000.0, 55500000.0, 56000000.0, 56500000.0, 57000000.0, 57500000.0, 58000000.0, 58500000.0, 59000000.0, 59500000.0, 60000000.0, 60500000.0, 61000000.0, 61500000.0, 62000000.0, 62500000.0, 63000000.0, 63500000.0, 64000000.0, 64500000.0, 65000000.0, 65500000.0, 66000000.0, 66500000.0, 67000000.0, 67500000.0, 68000000.0, 68500000.0, 69000000.0, 69500000.0, 70000000.0, 70500000.0, 71000000.0, 71500000.0, 72000000.0, 72500000.0, 73000000.0, 73500000.0, 74000000.0, 74500000.0, 75000000.0, 75500000.0, 76000000.0, 76500000.0, 77000000.0, 77500000.0, 78000000.0, 78500000.0, 79000000.0, 79500000.0, 80000000.0, 80500000.0, 81000000.0, 81500000.0, 82000000.0, 82500000.0, 83000000.0, 83500000.0, 84000000.0, 84500000.0, 85000000.0, 85500000.0, 86000000.0, 86500000.0, 87000000.0, 87500000.0, 88000000.0, 88500000.0, 89000000.0, 89500000.0, 90000000.0, 90500000.0, 91000000.0, 91500000.0, 92000000.0, 92500000.0, 93000000.0, 93500000.0, 94000000.0, 94500000.0, 95000000.0, 95500000.0, 96000000.0, 96500000.0, 97000000.0, 97500000.0, 98000000.0, 98500000.0, 99000000.0, 99500000.0, 100000000.0]

number of circles fewer than each of those sample points:
[1626017344, 1648164616, 1670400977, 1692708814, 1715108654, 1737582580, 1760130507, 1782763415, 1805468461, 1828258066, 1851118561, 1874058994, 1897072340, 1920161602, 1943314417, 1966553397, 1989878551, 2013273423, 2036742241, 2060284399, 2083893653, 2107579358, 2131334367, 2155165535, 2179064105, 2203038695, 2227081782, 2251193082, 2275381921, 2299632059, 2323953018, 2348352722, 2372809547, 2397335438, 2421947605, 2446599084, 2471332615, 2496121398, 2520973987, 2545910850, 2570914084, 2595983438, 2621116996, 2646304426, 2671569089, 2696888175, 2722268471, 2747725212, 2773253133, 2798831401, 2824483758, 2850188361, 2875955592, 2901789446, 2927678078, 2953633511, 2979659415, 3005750484, 3031904213, 3058110782, 3084379018, 3110698439, 3137088385, 3163532553, 3190043341, 3216609574, 3243237859, 3269929339, 3296678514, 3323491687, 3350369039, 3377293328, 3404279965, 3431315708, 3458418352, 3485585413, 3512787581, 3540060227, 3567388772, 3594779564, 3622226636, 3649738273, 3677294776, 3704910015, 3732582146, 3760300967, 3788082442, 3815922339, 3843813665, 3871762572, 3899769384, 3927827309, 3955943219, 3984114622, 4012328179, 4040607552, 4068934499, 4097315243, 4125758328, 4154250383]

[33mBuilt regression model![0m
Model info:
	r^2:		0.9999999954645826
	p-value:	0
	intercept:	-3.1421862353159433
	slope:	1.3728914526804765
Fractal dimension: 1.3728914526804765
