[33mCounting circles[0m
17%		37m 43.44722271499995s remaining
33%		30m 11.017337797999971s remaining
50%		22m 38.24812460399994s remaining
67%		15m 5.447245819000045s remaining
83%		7m 32.72032927599997s remaining

Took 45m 16.274458715000037s to count circles

[33mDone counting circles![0m
sample points:
[50500000.0, 51000000.0, 51500000.0, 52000000.0, 52500000.0, 53000000.0, 53500000.0, 54000000.0, 54500000.0, 55000000.0, 55500000.0, 56000000.0, 56500000.0, 57000000.0, 57500000.0, 58000000.0, 58500000.0, 59000000.0, 59500000.0, 60000000.0, 60500000.0, 61000000.0, 61500000.0, 62000000.0, 62500000.0, 63000000.0, 63500000.0, 64000000.0, 64500000.0, 65000000.0, 65500000.0, 66000000.0, 66500000.0, 67000000.0, 67500000.0, 68000000.0, 68500000.0, 69000000.0, 69500000.0, 70000000.0, 70500000.0, 71000000.0, 71500000.0, 72000000.0, 72500000.0, 73000000.0, 73500000.0, 74000000.0, 74500000.0, 75000000.0, 75500000.0, 76000000.0, 76500000.0, 77000000.0, 77500000.0, 78000000.0, 78500000.0, 79000000.0, 79500000.0, 80000000.0, 80500000.0, 81000000.0, 81500000.0, 82000000.0, 82500000.0, 83000000.0, 83500000.0, 84000000.0, 84500000.0, 85000000.0, 85500000.0, 86000000.0, 86500000.0, 87000000.0, 87500000.0, 88000000.0, 88500000.0, 89000000.0, 89500000.0, 90000000.0, 90500000.0, 91000000.0, 91500000.0, 92000000.0, 92500000.0, 93000000.0, 93500000.0, 94000000.0, 94500000.0, 95000000.0, 95500000.0, 96000000.0, 96500000.0, 97000000.0, 97500000.0, 98000000.0, 98500000.0, 99000000.0, 99500000.0, 100000000.0]

number of circles fewer than each of those sample points:
[1257266934, 1273917812, 1290632180, 1307396701, 1324215728, 1341075092, 1357986714, 1374966125, 1391980353, 1409052984, 1426179761, 1443364474, 1460598417, 1477886288, 1495218758, 1512604698, 1530055458, 1547544521, 1565085852, 1582676034, 1600307432, 1617996625, 1635726473, 1653503992, 1671321583, 1689207302, 1707137636, 1725102640, 1743114064, 1761187853, 1779305756, 1797465459, 1815660341, 1833912263, 1852215065, 1870564001, 1888956038, 1907395537, 1925871032, 1944393764, 1962971687, 1981600416, 2000249759, 2018949331, 2037705952, 2056481400, 2075305970, 2094177727, 2113083801, 2132028267, 2151018786, 2170057046, 2189131629, 2208245833, 2227417329, 2246632706, 2265889652, 2285180360, 2304514265, 2323894055, 2343304408, 2362759108, 2382253805, 2401797518, 2421373118, 2440997684, 2460656956, 2480339046, 2500071087, 2519835119, 2539642526, 2559499917, 2579376946, 2599309390, 2619284740, 2639300862, 2659359427, 2679448157, 2699569664, 2719727697, 2739933691, 2760175021, 2780451658, 2800777655, 2821127208, 2841514132, 2861938784, 2882387532, 2902876352, 2923404125, 2943958718, 2964563876, 2985203698, 3005880455, 3026589951, 3047328566, 3068106373, 3088925447, 3109780963, 3130654357]

[33mBuilt regression model![0m
Model info:
	r^2:		0.9999999980363747
	p-value:	0
	intercept:	-2.7330844252770383
	slope:	1.3353239791599663
Fractal dimension: 1.3353239791599663
