[33mCounting circles[0m
17%		25.20634698s remaining
33%		20.206906184s remaining
50%		12.639524828s remaining
67%		8.933948695s remaining
83%		4.077009064s remaining

Took 25.612746673s to count circles

[33mDone counting circles![0m
sample points:
[2525000.0, 2550000.0, 2575000.0, 2600000.0, 2625000.0, 2650000.0, 2675000.0, 2700000.0, 2725000.0, 2750000.0, 2775000.0, 2800000.0, 2825000.0, 2850000.0, 2875000.0, 2900000.0, 2925000.0, 2950000.0, 2975000.0, 3000000.0, 3025000.0, 3050000.0, 3075000.0, 3100000.0, 3125000.0, 3150000.0, 3175000.0, 3200000.0, 3225000.0, 3250000.0, 3275000.0, 3300000.0, 3325000.0, 3350000.0, 3375000.0, 3400000.0, 3425000.0, 3450000.0, 3475000.0, 3500000.0, 3525000.0, 3550000.0, 3575000.0, 3600000.0, 3625000.0, 3650000.0, 3675000.0, 3700000.0, 3725000.0, 3750000.0, 3775000.0, 3800000.0, 3825000.0, 3850000.0, 3875000.0, 3900000.0, 3925000.0, 3950000.0, 3975000.0, 4000000.0, 4025000.0, 4050000.0, 4075000.0, 4100000.0, 4125000.0, 4150000.0, 4175000.0, 4200000.0, 4225000.0, 4250000.0, 4275000.0, 4300000.0, 4325000.0, 4350000.0, 4375000.0, 4400000.0, 4425000.0, 4450000.0, 4475000.0, 4500000.0, 4525000.0, 4550000.0, 4575000.0, 4600000.0, 4625000.0, 4650000.0, 4675000.0, 4700000.0, 4725000.0, 4750000.0, 4775000.0, 4800000.0, 4825000.0, 4850000.0, 4875000.0, 4900000.0, 4925000.0, 4950000.0, 4975000.0, 5000000.0]

number of circles fewer than each of those sample points:
[13724921, 13906675, 14090305, 14273576, 14457455, 14641515, 14825677, 15011913, 15196836, 15384216, 15571490, 15760178, 15948149, 16135997, 16325980, 16516527, 16707120, 16898730, 17091545, 17284132, 17477194, 17671345, 17865924, 18060170, 18255739, 18452345, 18648398, 18845033, 19042014, 19240018, 19438322, 19637438, 19836864, 20036240, 20236651, 20438035, 20639394, 20840717, 21042833, 21245917, 21450491, 21654989, 21859438, 22064750, 22269297, 22475347, 22680898, 22887038, 23093450, 23301017, 23509598, 23718407, 23927771, 24138510, 24347504, 24557289, 24767221, 24978441, 25189920, 25402105, 25614743, 25827544, 26041423, 26255652, 26471510, 26684821, 26900128, 27115947, 27332025, 27548895, 27766024, 27983613, 28201878, 28419674, 28638464, 28857380, 29076635, 29297667, 29518513, 29738868, 29960381, 30181819, 30403857, 30625549, 30848179, 31071842, 31296528, 31520999, 31746371, 31971192, 32196445, 32422505, 32648194, 32874572, 33101312, 33327816, 33556240, 33785501, 34013652, 34242027]

[33mBuilt regression model![0m
Model info:
	r^2:		0.9999999577142555
	p-value:	0
	intercept:	-3.293932380549613
	slope:	1.3382812247452276
Fractal dimension: 1.3382812247452276
