[33mCounting circles[0m
17%		58.04141762s remaining
33%		38.399393178s remaining
50%		23.226033815s remaining
67%		13.62564978s remaining
83%		6.968823202s remaining

Took 38.465143253s to count circles

[33mDone counting circles![0m
sample points:
[2525000.0, 2550000.0, 2575000.0, 2600000.0, 2625000.0, 2650000.0, 2675000.0, 2700000.0, 2725000.0, 2750000.0, 2775000.0, 2800000.0, 2825000.0, 2850000.0, 2875000.0, 2900000.0, 2925000.0, 2950000.0, 2975000.0, 3000000.0, 3025000.0, 3050000.0, 3075000.0, 3100000.0, 3125000.0, 3150000.0, 3175000.0, 3200000.0, 3225000.0, 3250000.0, 3275000.0, 3300000.0, 3325000.0, 3350000.0, 3375000.0, 3400000.0, 3425000.0, 3450000.0, 3475000.0, 3500000.0, 3525000.0, 3550000.0, 3575000.0, 3600000.0, 3625000.0, 3650000.0, 3675000.0, 3700000.0, 3725000.0, 3750000.0, 3775000.0, 3800000.0, 3825000.0, 3850000.0, 3875000.0, 3900000.0, 3925000.0, 3950000.0, 3975000.0, 4000000.0, 4025000.0, 4050000.0, 4075000.0, 4100000.0, 4125000.0, 4150000.0, 4175000.0, 4200000.0, 4225000.0, 4250000.0, 4275000.0, 4300000.0, 4325000.0, 4350000.0, 4375000.0, 4400000.0, 4425000.0, 4450000.0, 4475000.0, 4500000.0, 4525000.0, 4550000.0, 4575000.0, 4600000.0, 4625000.0, 4650000.0, 4675000.0, 4700000.0, 4725000.0, 4750000.0, 4775000.0, 4800000.0, 4825000.0, 4850000.0, 4875000.0, 4900000.0, 4925000.0, 4950000.0, 4975000.0, 5000000.0]

number of circles fewer than each of those sample points:
[20618929, 20888741, 21160599, 21433324, 21707173, 21980209, 22255601, 22531738, 22808632, 23085462, 23364232, 23643560, 23923632, 24203671, 24485227, 24768203, 25051681, 25335620, 25619902, 25905100, 26191787, 26478644, 26766244, 27054187, 27343185, 27633012, 27923288, 28214296, 28507489, 28801604, 29094988, 29389508, 29684650, 29980726, 30277312, 30573918, 30872483, 31171117, 31470265, 31770778, 32071892, 32374390, 32677038, 32979817, 33283874, 33587914, 33893360, 34197624, 34503344, 34810569, 35116653, 35425555, 35733174, 36043161, 36354365, 36664843, 36976556, 37288632, 37602081, 37916019, 38229759, 38544144, 38860356, 39175412, 39492984, 39809407, 40127520, 40445957, 40764966, 41084264, 41403868, 41724260, 42046117, 42367185, 42689895, 43013882, 43337823, 43661993, 43987441, 44313799, 44639883, 44965449, 45294238, 45621543, 45950542, 46279548, 46609136, 46940272, 47270228, 47602674, 47934799, 48267926, 48602157, 48935537, 49270157, 49605131, 49941688, 50277770, 50614319, 50951844]

[33mBuilt regression model![0m
Model info:
	r^2:		0.9999999890394669
	p-value:	0
	intercept:	-2.677839189247944
	slope:	1.3240996138103203
Fractal dimension: 1.3240996138103203
