[33mCounting circles[0m
8%		4m 5.927785365999995s remaining
17%		3m 43.57450785399999s remaining
25%		3m 21.230585022000014s remaining
33%		2m 58.912295553999996s remaining
42%		2m 36.50520428799999s remaining
50%		2m 14.139094556000003s remaining
58%		1m 51.782611513000006s remaining
67%		1m 29.418925767999994s remaining
75%		1m 7.0590609220000005s remaining
83%		44.703373431s remaining
92%		22.351817596s remaining

Took 4m 28.22020998900001s to count circles

[33mDone counting circles![0m
sample points:
[2525000.0, 2550000.0, 2575000.0, 2600000.0, 2625000.0, 2650000.0, 2675000.0, 2700000.0, 2725000.0, 2750000.0, 2775000.0, 2800000.0, 2825000.0, 2850000.0, 2875000.0, 2900000.0, 2925000.0, 2950000.0, 2975000.0, 3000000.0, 3025000.0, 3050000.0, 3075000.0, 3100000.0, 3125000.0, 3150000.0, 3175000.0, 3200000.0, 3225000.0, 3250000.0, 3275000.0, 3300000.0, 3325000.0, 3350000.0, 3375000.0, 3400000.0, 3425000.0, 3450000.0, 3475000.0, 3500000.0, 3525000.0, 3550000.0, 3575000.0, 3600000.0, 3625000.0, 3650000.0, 3675000.0, 3700000.0, 3725000.0, 3750000.0, 3775000.0, 3800000.0, 3825000.0, 3850000.0, 3875000.0, 3900000.0, 3925000.0, 3950000.0, 3975000.0, 4000000.0, 4025000.0, 4050000.0, 4075000.0, 4100000.0, 4125000.0, 4150000.0, 4175000.0, 4200000.0, 4225000.0, 4250000.0, 4275000.0, 4300000.0, 4325000.0, 4350000.0, 4375000.0, 4400000.0, 4425000.0, 4450000.0, 4475000.0, 4500000.0, 4525000.0, 4550000.0, 4575000.0, 4600000.0, 4625000.0, 4650000.0, 4675000.0, 4700000.0, 4725000.0, 4750000.0, 4775000.0, 4800000.0, 4825000.0, 4850000.0, 4875000.0, 4900000.0, 4925000.0, 4950000.0, 4975000.0, 5000000.0]

number of circles fewer than each of those sample points:
[64099829, 65024284, 65954424, 66886889, 67824599, 68764280, 69709757, 70660481, 71613929, 72571180, 73532165, 74494952, 75463129, 76435153, 77410246, 78389171, 79375332, 80363725, 81355055, 82351490, 83350134, 84354380, 85363094, 86375540, 87390511, 88408396, 89428647, 90455471, 91482820, 92516094, 93550638, 94592824, 95637396, 96685609, 97734745, 98788097, 99845391, 100905460, 101970582, 103040119, 104112623, 105184690, 106263055, 107344377, 108430665, 109519335, 110610643, 111706476, 112805105, 113908065, 115013391, 116121048, 117231449, 118346322, 119464701, 120586811, 121709431, 122839311, 123970736, 125103924, 126242754, 127383152, 128527741, 129674265, 130824074, 131977673, 133134786, 134296212, 135460521, 136628717, 137800129, 138972926, 140149276, 141329837, 142511464, 143696128, 144883911, 146076043, 147269939, 148465855, 149665758, 150868694, 152075582, 153285845, 154499235, 155715496, 156933169, 158153097, 159375491, 160601575, 161831806, 163062788, 164296558, 165535731, 166778243, 168023570, 169270870, 170518619, 171771798, 173027906]

[33mBuilt regression model![0m
Model info:
	r^2:		0.9999999918212475
	p-value:	0
	intercept:	-3.4506867402818244
	slope:	1.453469278662681
Fractal dimension: 1.453469278662681
