[33mCounting circles[0m
13%		0.01479198s remaining
25%		0.006967041s remaining
38%		0.004195986s remaining
50%		0.002691s remaining
63%		0.001717599s remaining
75%		0.001019063s remaining
88%		0.000460005s remaining

Took 0.003350388s to count circles

[33mDone counting circles![0m
sample points:
[505.0, 510.0, 515.0, 520.0, 525.0, 530.0, 535.0, 540.0, 545.0, 550.0, 555.0, 560.0, 565.0, 570.0, 575.0, 580.0, 585.0, 590.0, 595.0, 600.0, 605.0, 610.0, 615.0, 620.0, 625.0, 630.0, 635.0, 640.0, 645.0, 650.0, 655.0, 660.0, 665.0, 670.0, 675.0, 680.0, 685.0, 690.0, 695.0, 700.0, 705.0, 710.0, 715.0, 720.0, 725.0, 730.0, 735.0, 740.0, 745.0, 750.0, 755.0, 760.0, 765.0, 770.0, 775.0, 780.0, 785.0, 790.0, 795.0, 800.0, 805.0, 810.0, 815.0, 820.0, 825.0, 830.0, 835.0, 840.0, 845.0, 850.0, 855.0, 860.0, 865.0, 870.0, 875.0, 880.0, 885.0, 890.0, 895.0, 900.0, 905.0, 910.0, 915.0, 920.0, 925.0, 930.0, 935.0, 940.0, 945.0, 950.0, 955.0, 960.0, 965.0, 970.0, 975.0, 980.0, 985.0, 990.0, 995.0, 1000.0]

number of circles fewer than each of those sample points:
[188, 188, 188, 192, 192, 196, 202, 206, 206, 208, 210, 211, 214, 214, 214, 221, 224, 224, 228, 234, 234, 238, 240, 242, 248, 256, 260, 261, 268, 268, 268, 272, 280, 280, 282, 282, 282, 288, 298, 298, 300, 302, 306, 309, 320, 322, 322, 329, 330, 330, 334, 342, 342, 342, 344, 344, 344, 348, 350, 350, 354, 358, 358, 364, 368, 368, 374, 383, 384, 388, 394, 394, 394, 404, 408, 415, 428, 434, 434, 442, 442, 442, 442, 454, 458, 462, 464, 464, 466, 474, 476, 477, 488, 488, 488, 494, 498, 498, 502, 506]

[33mBuilt regression model![0m
Model info:
	r^2:		0.99668031727291
	p-value:	0.0000000000000000000000000000000000000000000000000000000000000000000000000000000000000000000000000000000000000000000000000027520676317194415
	intercept:	-4.096991127902718
	slope:	1.4940321330565125
Fractal dimension: 1.4940321330565125
