[33mCounting circles[0m
8%		0.030646879s remaining
17%		0.01629721s remaining
25%		0.011156463s remaining
33%		0.008179718s remaining
42%		0.0063095s remaining
50%		0.005000625s remaining
58%		0.003929734s remaining
67%		0.003002377s remaining
75%		0.002160528s remaining
83%		0.001391221s remaining
92%		0.000673116s remaining

Took 0.007901373s to count circles

[33mDone counting circles![0m
sample points:
[505.0, 510.0, 515.0, 520.0, 525.0, 530.0, 535.0, 540.0, 545.0, 550.0, 555.0, 560.0, 565.0, 570.0, 575.0, 580.0, 585.0, 590.0, 595.0, 600.0, 605.0, 610.0, 615.0, 620.0, 625.0, 630.0, 635.0, 640.0, 645.0, 650.0, 655.0, 660.0, 665.0, 670.0, 675.0, 680.0, 685.0, 690.0, 695.0, 700.0, 705.0, 710.0, 715.0, 720.0, 725.0, 730.0, 735.0, 740.0, 745.0, 750.0, 755.0, 760.0, 765.0, 770.0, 775.0, 780.0, 785.0, 790.0, 795.0, 800.0, 805.0, 810.0, 815.0, 820.0, 825.0, 830.0, 835.0, 840.0, 845.0, 850.0, 855.0, 860.0, 865.0, 870.0, 875.0, 880.0, 885.0, 890.0, 895.0, 900.0, 905.0, 910.0, 915.0, 920.0, 925.0, 930.0, 935.0, 940.0, 945.0, 950.0, 955.0, 960.0, 965.0, 970.0, 975.0, 980.0, 985.0, 990.0, 995.0, 1000.0]

number of circles fewer than each of those sample points:
[216, 217, 223, 232, 234, 238, 239, 244, 248, 250, 253, 255, 259, 268, 271, 271, 271, 273, 276, 278, 280, 282, 285, 288, 290, 296, 296, 301, 304, 307, 314, 319, 325, 327, 328, 336, 340, 347, 348, 353, 355, 360, 362, 367, 369, 372, 376, 379, 382, 386, 389, 393, 396, 399, 403, 404, 406, 411, 414, 419, 425, 430, 433, 437, 439, 443, 449, 452, 452, 453, 459, 468, 470, 473, 477, 482, 484, 488, 489, 496, 497, 504, 508, 511, 517, 518, 519, 522, 532, 533, 536, 537, 540, 547, 552, 561, 563, 565, 569, 572]

[33mBuilt regression model![0m
Model info:
	r^2:		0.9986448684916895
	p-value:	0.00000000000000000000000000000000000000000000000000000000000000000000000000000000000000000000000000000000000000000000000000000000000000000000023582966629645328
	intercept:	-3.3505537569139756
	slope:	1.40476889472137
Fractal dimension: 1.40476889472137
