[33mCounting circles[0m
17%		0.01107251s remaining
33%		0.005354722s remaining
50%		0.003122378s remaining
67%		0.001771974s remaining
83%		0.000778107s remaining

Took 0.004324037s to count circles

[33mDone counting circles![0m
sample points:
[505.0, 510.0, 515.0, 520.0, 525.0, 530.0, 535.0, 540.0, 545.0, 550.0, 555.0, 560.0, 565.0, 570.0, 575.0, 580.0, 585.0, 590.0, 595.0, 600.0, 605.0, 610.0, 615.0, 620.0, 625.0, 630.0, 635.0, 640.0, 645.0, 650.0, 655.0, 660.0, 665.0, 670.0, 675.0, 680.0, 685.0, 690.0, 695.0, 700.0, 705.0, 710.0, 715.0, 720.0, 725.0, 730.0, 735.0, 740.0, 745.0, 750.0, 755.0, 760.0, 765.0, 770.0, 775.0, 780.0, 785.0, 790.0, 795.0, 800.0, 805.0, 810.0, 815.0, 820.0, 825.0, 830.0, 835.0, 840.0, 845.0, 850.0, 855.0, 860.0, 865.0, 870.0, 875.0, 880.0, 885.0, 890.0, 895.0, 900.0, 905.0, 910.0, 915.0, 920.0, 925.0, 930.0, 935.0, 940.0, 945.0, 950.0, 955.0, 960.0, 965.0, 970.0, 975.0, 980.0, 985.0, 990.0, 995.0, 1000.0]

number of circles fewer than each of those sample points:
[266, 270, 270, 274, 282, 282, 282, 298, 300, 300, 306, 310, 310, 315, 322, 322, 328, 336, 336, 340, 346, 346, 346, 352, 352, 352, 362, 364, 364, 369, 372, 372, 376, 382, 382, 386, 394, 394, 394, 403, 404, 404, 414, 420, 420, 430, 432, 432, 432, 440, 440, 442, 456, 456, 456, 476, 476, 476, 482, 488, 488, 505, 508, 508, 514, 526, 526, 532, 536, 536, 536, 548, 550, 550, 560, 562, 562, 566, 570, 570, 572, 584, 584, 588, 604, 604, 604, 621, 624, 624, 626, 630, 630, 639, 644, 644, 644, 660, 660, 666]

[33mBuilt regression model![0m
Model info:
	r^2:		0.9966828874377559
	p-value:	0.000000000000000000000000000000000000000000000000000000000000000000000000000000000000000000000000000000000000000000000000002649576344469261
	intercept:	-2.7397243536058586
	slope:	1.3365090074245987
Fractal dimension: 1.3365090074245987
