[33mCounting circles[0m
13%		610m 18.7967936549976s remaining
25%		523m 45.42561713100076s remaining
38%		436m 11.794508540999232s remaining
50%		348m 51.86696782799845s remaining
63%		261m 43.497030817999985s remaining
75%		174m 34.317206678999355s remaining
88%		87m 53.89812636500028s remaining

Took 704m 27.404592858998512s to count circles

[33mDone counting circles![0m
sample points:
[151500000.0, 153000000.0, 154500000.0, 156000000.0, 157500000.0, 159000000.0, 160500000.0, 162000000.0, 163500000.0, 165000000.0, 166500000.0, 168000000.0, 169500000.0, 171000000.0, 172500000.0, 174000000.0, 175500000.0, 177000000.0, 178500000.0, 180000000.0, 181500000.0, 183000000.0, 184500000.0, 186000000.0, 187500000.0, 189000000.0, 190500000.0, 192000000.0, 193500000.0, 195000000.0, 196500000.0, 198000000.0, 199500000.0, 201000000.0, 202500000.0, 204000000.0, 205500000.0, 207000000.0, 208500000.0, 210000000.0, 211500000.0, 213000000.0, 214500000.0, 216000000.0, 217500000.0, 219000000.0, 220500000.0, 222000000.0, 223500000.0, 225000000.0, 226500000.0, 228000000.0, 229500000.0, 231000000.0, 232500000.0, 234000000.0, 235500000.0, 237000000.0, 238500000.0, 240000000.0, 241500000.0, 243000000.0, 244500000.0, 246000000.0, 247500000.0, 249000000.0, 250500000.0, 252000000.0, 253500000.0, 255000000.0, 256500000.0, 258000000.0, 259500000.0, 261000000.0, 262500000.0, 264000000.0, 265500000.0, 267000000.0, 268500000.0, 270000000.0, 271500000.0, 273000000.0, 274500000.0, 276000000.0, 277500000.0, 279000000.0, 280500000.0, 282000000.0, 283500000.0, 285000000.0, 286500000.0, 288000000.0, 289500000.0, 291000000.0, 292500000.0, 294000000.0, 295500000.0, 297000000.0, 298500000.0, 300000000.0]

number of circles fewer than each of those sample points:
[23454816871, 23799397823, 24145595433, 24493418341, 24842865947, 25193879655, 25546477961, 25900643802, 26256384433, 26613804037, 26972731491, 27333225978, 27695234857, 28058736089, 28423822045, 28790445175, 29158635585, 29528278156, 29899453279, 30272109054, 30646272678, 31021917379, 31399063566, 31777707627, 32157844166, 32539410672, 32922416691, 33306885468, 33692807243, 34080130260, 34468884287, 34859117490, 35250753184, 35643805787, 36038240780, 36434109480, 36831342327, 37229952261, 37629922753, 38031395022, 38434216423, 38838364807, 39243960989, 39650883090, 40059210132, 40468806731, 40879788027, 41292115006, 41705770269, 42120757534, 42537080013, 42954738636, 43373674142, 43793967469, 44215569266, 44638466848, 45062673033, 45488159484, 45914956972, 46343020201, 46772423191, 47203082849, 47634989112, 48068251351, 48502788453, 48938535680, 49375568651, 49813795668, 50253317129, 50694037074, 51136136488, 51579414070, 52023915754, 52469673498, 52916707286, 53364915494, 53814336290, 54264953784, 54716819468, 55169938172, 55624286404, 56079819336, 56536530390, 56994459739, 57453567116, 57913840356, 58375352443, 58838056865, 59301933079, 59766965879, 60233227579, 60700592344, 61169119586, 61638834105, 62109697654, 62581805481, 63055022982, 63529445600, 64004970828, 64481649058]

[33mBuilt regression model![0m
Model info:
	r^2:		0.9999999999681978
	p-value:	0
	intercept:	-4.003825163262803
	slope:	1.4802519239370366
Fractal dimension: 1.4802519239370366
