[33mCounting circles[0m
8%		661m 41.21864900399669s remaining
17%		601m 41.42313799000112s remaining
25%		541m 36.392249888998776s remaining
33%		481m 20.184047880000435s remaining
42%		421m 3.7216775699998834s remaining
50%		361m 33.444445297998755s remaining
58%		303m 15.809643456999765s remaining
67%		244m 15.192352644999119s remaining
75%		184m 6.226724722999279s remaining
83%		122m 50.35661901700041s remaining
92%		61m 18.129886523000096s remaining

Took 734m 29.617572278002626s to count circles

[33mDone counting circles![0m
sample points:
[151500000.0, 153000000.0, 154500000.0, 156000000.0, 157500000.0, 159000000.0, 160500000.0, 162000000.0, 163500000.0, 165000000.0, 166500000.0, 168000000.0, 169500000.0, 171000000.0, 172500000.0, 174000000.0, 175500000.0, 177000000.0, 178500000.0, 180000000.0, 181500000.0, 183000000.0, 184500000.0, 186000000.0, 187500000.0, 189000000.0, 190500000.0, 192000000.0, 193500000.0, 195000000.0, 196500000.0, 198000000.0, 199500000.0, 201000000.0, 202500000.0, 204000000.0, 205500000.0, 207000000.0, 208500000.0, 210000000.0, 211500000.0, 213000000.0, 214500000.0, 216000000.0, 217500000.0, 219000000.0, 220500000.0, 222000000.0, 223500000.0, 225000000.0, 226500000.0, 228000000.0, 229500000.0, 231000000.0, 232500000.0, 234000000.0, 235500000.0, 237000000.0, 238500000.0, 240000000.0, 241500000.0, 243000000.0, 244500000.0, 246000000.0, 247500000.0, 249000000.0, 250500000.0, 252000000.0, 253500000.0, 255000000.0, 256500000.0, 258000000.0, 259500000.0, 261000000.0, 262500000.0, 264000000.0, 265500000.0, 267000000.0, 268500000.0, 270000000.0, 271500000.0, 273000000.0, 274500000.0, 276000000.0, 277500000.0, 279000000.0, 280500000.0, 282000000.0, 283500000.0, 285000000.0, 286500000.0, 288000000.0, 289500000.0, 291000000.0, 292500000.0, 294000000.0, 295500000.0, 297000000.0, 298500000.0, 300000000.0]

number of circles fewer than each of those sample points:
[7348715966, 7448800627, 7549247382, 7650075610, 7751226682, 7852758309, 7954631517, 8056882206, 8159470492, 8262403915, 8365706560, 8469369446, 8573349684, 8677671198, 8782348342, 8887356151, 8992702439, 9098410672, 9204436515, 9310785534, 9417473888, 9524474155, 9631805362, 9739482216, 9847486605, 9955805611, 10064447616, 10173408271, 10282693809, 10392302661, 10502218622, 10612435234, 10722957496, 10833802049, 10944973152, 11056432995, 11168213825, 11280289182, 11392672400, 11505359973, 11618345858, 11731620760, 11845197089, 11959058402, 12073243607, 12187737241, 12302492508, 12417543919, 12532901510, 12648548979, 12764467687, 12880698662, 12997192183, 13113977283, 13231029633, 13348392567, 13465997020, 13583919502, 13702099001, 13820565650, 13939300067, 14058311043, 14177589162, 14297149828, 14416993973, 14537089009, 14657469928, 14778110547, 14899020029, 15020196778, 15141622237, 15263329517, 15385293884, 15507524545, 15630032750, 15752812066, 15875829535, 15999111630, 16122653053, 16246435459, 16370498109, 16494808450, 16619367320, 16744197004, 16869273666, 16994596931, 17120169069, 17245967316, 17372048479, 17498338348, 17624904035, 17751709904, 17878783699, 18006055513, 18133605162, 18261401414, 18389431765, 18517729511, 18646247127, 18775002780]

[33mBuilt regression model![0m
Model info:
	r^2:		0.9999999995366909
	p-value:	0
	intercept:	-3.1437529522888568
	slope:	1.3729772958011588
Fractal dimension: 1.3729772958011588
