[33mCounting circles[0m
17%		133m 14.81226757999957s remaining
33%		106m 35.70637349400022s remaining
50%		79m 56.068995243000245s remaining
67%		53m 17.82320212700006s remaining
83%		26m 39.04120990399997s remaining

Took 159m 54.69949072300005s to count circles

[33mDone counting circles![0m
sample points:
[151500000.0, 153000000.0, 154500000.0, 156000000.0, 157500000.0, 159000000.0, 160500000.0, 162000000.0, 163500000.0, 165000000.0, 166500000.0, 168000000.0, 169500000.0, 171000000.0, 172500000.0, 174000000.0, 175500000.0, 177000000.0, 178500000.0, 180000000.0, 181500000.0, 183000000.0, 184500000.0, 186000000.0, 187500000.0, 189000000.0, 190500000.0, 192000000.0, 193500000.0, 195000000.0, 196500000.0, 198000000.0, 199500000.0, 201000000.0, 202500000.0, 204000000.0, 205500000.0, 207000000.0, 208500000.0, 210000000.0, 211500000.0, 213000000.0, 214500000.0, 216000000.0, 217500000.0, 219000000.0, 220500000.0, 222000000.0, 223500000.0, 225000000.0, 226500000.0, 228000000.0, 229500000.0, 231000000.0, 232500000.0, 234000000.0, 235500000.0, 237000000.0, 238500000.0, 240000000.0, 241500000.0, 243000000.0, 244500000.0, 246000000.0, 247500000.0, 249000000.0, 250500000.0, 252000000.0, 253500000.0, 255000000.0, 256500000.0, 258000000.0, 259500000.0, 261000000.0, 262500000.0, 264000000.0, 265500000.0, 267000000.0, 268500000.0, 270000000.0, 271500000.0, 273000000.0, 274500000.0, 276000000.0, 277500000.0, 279000000.0, 280500000.0, 282000000.0, 283500000.0, 285000000.0, 286500000.0, 288000000.0, 289500000.0, 291000000.0, 292500000.0, 294000000.0, 295500000.0, 297000000.0, 298500000.0, 300000000.0]

number of circles fewer than each of those sample points:
[5451693918, 5523897763, 5596329391, 5668999691, 5741911884, 5815075590, 5888433308, 5962022172, 6035863261, 6109918555, 6184189961, 6258707288, 6333435802, 6408387014, 6483578469, 6558983227, 6634616753, 6710446517, 6786505087, 6862762693, 6939258686, 7015961154, 7092868811, 7169946714, 7247264733, 7324789604, 7402526111, 7480456404, 7558591139, 7636938808, 7715488689, 7794234597, 7873183661, 7952331335, 8031698474, 8111244213, 8190982565, 8270916346, 8351059405, 8431378685, 8511902269, 8592604809, 8673491816, 8754587951, 8835854640, 8917297354, 8998946318, 9080775763, 9162784068, 9244966719, 9327356286, 9409946763, 9492707065, 9575634886, 9658736216, 9742021914, 9825478647, 9909132845, 9992971760, 10076992004, 10161168107, 10245527734, 10330078202, 10414767225, 10499667888, 10584709116, 10669930551, 10755327813, 10840890527, 10926646498, 11012581076, 11098647956, 11184911724, 11271340042, 11357922802, 11444690694, 11531611334, 11618698057, 11705934916, 11793352123, 11880927641, 11968689703, 12056582907, 12144645732, 12232851276, 12321248595, 12409803402, 12498502763, 12587345819, 12676338753, 12765499896, 12854815814, 12944290457, 13033911569, 13123708946, 13213625325, 13303701831, 13393920933, 13484324093, 13574889182]

[33mBuilt regression model![0m
Model info:
	r^2:		0.9999999995043506
	p-value:	0
	intercept:	-2.733167300531626
	slope:	1.3353281387462352
Fractal dimension: 1.3353281387462352
