[33mCounting circles[0m
17%		20m 26.31589490500005s remaining
33%		13m 31.014805042000035s remaining
50%		8m 10.608819391999987s remaining
67%		4m 47.918039991s remaining
83%		2m 27.209791061999994s remaining

Took 13m 32.31307620899997s to count circles

[33mDone counting circles![0m
sample points:
[25250000.0, 25500000.0, 25750000.0, 26000000.0, 26250000.0, 26500000.0, 26750000.0, 27000000.0, 27250000.0, 27500000.0, 27750000.0, 28000000.0, 28250000.0, 28500000.0, 28750000.0, 29000000.0, 29250000.0, 29500000.0, 29750000.0, 30000000.0, 30250000.0, 30500000.0, 30750000.0, 31000000.0, 31250000.0, 31500000.0, 31750000.0, 32000000.0, 32250000.0, 32500000.0, 32750000.0, 33000000.0, 33250000.0, 33500000.0, 33750000.0, 34000000.0, 34250000.0, 34500000.0, 34750000.0, 35000000.0, 35250000.0, 35500000.0, 35750000.0, 36000000.0, 36250000.0, 36500000.0, 36750000.0, 37000000.0, 37250000.0, 37500000.0, 37750000.0, 38000000.0, 38250000.0, 38500000.0, 38750000.0, 39000000.0, 39250000.0, 39500000.0, 39750000.0, 40000000.0, 40250000.0, 40500000.0, 40750000.0, 41000000.0, 41250000.0, 41500000.0, 41750000.0, 42000000.0, 42250000.0, 42500000.0, 42750000.0, 43000000.0, 43250000.0, 43500000.0, 43750000.0, 44000000.0, 44250000.0, 44500000.0, 44750000.0, 45000000.0, 45250000.0, 45500000.0, 45750000.0, 46000000.0, 46250000.0, 46500000.0, 46750000.0, 47000000.0, 47250000.0, 47500000.0, 47750000.0, 48000000.0, 48250000.0, 48500000.0, 48750000.0, 49000000.0, 49250000.0, 49500000.0, 49750000.0, 50000000.0]

number of circles fewer than each of those sample points:
[434984088, 440694482, 446422216, 452174128, 457939661, 463720096, 469521556, 475342571, 481178699, 487033991, 492906372, 498795923, 504699248, 510621673, 516564165, 522521170, 528497957, 534486016, 540493826, 546519455, 552559316, 558611135, 564684160, 570772513, 576874906, 582990319, 589123491, 595273863, 601437407, 607618243, 613816425, 620025100, 626249732, 632491438, 638751177, 645025687, 651312349, 657617567, 663931600, 670263206, 676609212, 682969424, 689344740, 695727951, 702135461, 708552557, 714991653, 721439679, 727901222, 734383352, 740872658, 747384110, 753902003, 760437941, 766985810, 773545377, 780121760, 786709954, 793315410, 799925959, 806552941, 813194943, 819846677, 826516403, 833198245, 839888663, 846599261, 853323522, 860059185, 866804387, 873563790, 880335138, 887120382, 893915885, 900727340, 907548984, 914384610, 921233212, 928094064, 934965782, 941852303, 948752025, 955657874, 962579252, 969513822, 976455420, 983410302, 990380494, 997361049, 1004353573, 1011360480, 1018378102, 1025404369, 1032445177, 1039502603, 1046565300, 1053640040, 1060722341, 1067821696, 1074932938]

[33mBuilt regression model![0m
Model info:
	r^2:		0.9999999972077409
	p-value:	0
	intercept:	-2.6803403125738257
	slope:	1.3242604276465189
Fractal dimension: 1.3242604276465189
