[33mCounting circles[0m
17%		9m 14.808559614000046s remaining
33%		7m 24.058336899999972s remaining
50%		4m 37.597077239999976s remaining
67%		3m 16.231004858000006s remaining
83%		1m 29.583985486000003s remaining

Took 9m 22.77969512200002s to count circles

[33mDone counting circles![0m
sample points:
[25250000.0, 25500000.0, 25750000.0, 26000000.0, 26250000.0, 26500000.0, 26750000.0, 27000000.0, 27250000.0, 27500000.0, 27750000.0, 28000000.0, 28250000.0, 28500000.0, 28750000.0, 29000000.0, 29250000.0, 29500000.0, 29750000.0, 30000000.0, 30250000.0, 30500000.0, 30750000.0, 31000000.0, 31250000.0, 31500000.0, 31750000.0, 32000000.0, 32250000.0, 32500000.0, 32750000.0, 33000000.0, 33250000.0, 33500000.0, 33750000.0, 34000000.0, 34250000.0, 34500000.0, 34750000.0, 35000000.0, 35250000.0, 35500000.0, 35750000.0, 36000000.0, 36250000.0, 36500000.0, 36750000.0, 37000000.0, 37250000.0, 37500000.0, 37750000.0, 38000000.0, 38250000.0, 38500000.0, 38750000.0, 39000000.0, 39250000.0, 39500000.0, 39750000.0, 40000000.0, 40250000.0, 40500000.0, 40750000.0, 41000000.0, 41250000.0, 41500000.0, 41750000.0, 42000000.0, 42250000.0, 42500000.0, 42750000.0, 43000000.0, 43250000.0, 43500000.0, 43750000.0, 44000000.0, 44250000.0, 44500000.0, 44750000.0, 45000000.0, 45250000.0, 45500000.0, 45750000.0, 46000000.0, 46250000.0, 46500000.0, 46750000.0, 47000000.0, 47250000.0, 47500000.0, 47750000.0, 48000000.0, 48250000.0, 48500000.0, 48750000.0, 49000000.0, 49250000.0, 49500000.0, 49750000.0, 50000000.0]

number of circles fewer than each of those sample points:
[299027316, 302998323, 306978797, 310975790, 314982332, 319002499, 323036305, 327087182, 331147971, 335217603, 339302423, 343397451, 347508621, 351628474, 355763674, 359903603, 364063339, 368231355, 372409920, 376603954, 380808819, 385026935, 389257721, 393500434, 397753426, 402018789, 406292263, 410577304, 414879243, 419191967, 423514399, 427850202, 432195622, 436544319, 440905758, 445283160, 449672542, 454062916, 458475643, 462894328, 467324743, 471765367, 476213946, 480681293, 485152953, 489633539, 494130993, 498634644, 503146766, 507667788, 512199801, 516747048, 521303086, 525867746, 530441747, 535028989, 539621205, 544223472, 548839321, 553464885, 558102496, 562751869, 567403996, 572066832, 576738798, 581416761, 586101895, 590804890, 595513668, 600236716, 604966693, 609699246, 614443162, 619199875, 623965773, 628737950, 633522999, 638320854, 643127736, 647937954, 652762717, 657600048, 662442079, 667288750, 672144909, 677012200, 681883946, 686765177, 691666096, 696569724, 701477552, 706394523, 711322245, 716259039, 721205277, 726154548, 731117941, 736091578, 741074955, 746058882]

[33mBuilt regression model![0m
Model info:
	r^2:		0.9999999986259898
	p-value:	0
	intercept:	-3.2928529155538016
	slope:	1.3382102859249845
Fractal dimension: 1.3382102859249845
