[33mCounting circles[0m
8%		125m 28.19899674699991s remaining
17%		113m 58.661077230000046s remaining
25%		102m 3.5299163489999046s remaining
33%		89m 43.41570470199986s remaining
42%		78m 13.160413436000454s remaining
50%		66m 38.656227714000124s remaining
58%		55m 21.873477820000062s remaining
67%		44m 6.746534065000105s remaining
75%		32m 57.70008661499992s remaining
83%		21m 54.53670490800005s remaining
92%		10m 55.67883468100001s remaining

Took 130m 52.42503682200004s to count circles

[33mDone counting circles![0m
sample points:
[25250000.0, 25500000.0, 25750000.0, 26000000.0, 26250000.0, 26500000.0, 26750000.0, 27000000.0, 27250000.0, 27500000.0, 27750000.0, 28000000.0, 28250000.0, 28500000.0, 28750000.0, 29000000.0, 29250000.0, 29500000.0, 29750000.0, 30000000.0, 30250000.0, 30500000.0, 30750000.0, 31000000.0, 31250000.0, 31500000.0, 31750000.0, 32000000.0, 32250000.0, 32500000.0, 32750000.0, 33000000.0, 33250000.0, 33500000.0, 33750000.0, 34000000.0, 34250000.0, 34500000.0, 34750000.0, 35000000.0, 35250000.0, 35500000.0, 35750000.0, 36000000.0, 36250000.0, 36500000.0, 36750000.0, 37000000.0, 37250000.0, 37500000.0, 37750000.0, 38000000.0, 38250000.0, 38500000.0, 38750000.0, 39000000.0, 39250000.0, 39500000.0, 39750000.0, 40000000.0, 40250000.0, 40500000.0, 40750000.0, 41000000.0, 41250000.0, 41500000.0, 41750000.0, 42000000.0, 42250000.0, 42500000.0, 42750000.0, 43000000.0, 43250000.0, 43500000.0, 43750000.0, 44000000.0, 44250000.0, 44500000.0, 44750000.0, 45000000.0, 45250000.0, 45500000.0, 45750000.0, 46000000.0, 46250000.0, 46500000.0, 46750000.0, 47000000.0, 47250000.0, 47500000.0, 47750000.0, 48000000.0, 48250000.0, 48500000.0, 48750000.0, 49000000.0, 49250000.0, 49500000.0, 49750000.0, 50000000.0]

number of circles fewer than each of those sample points:
[1821440428, 1847710724, 1874097932, 1900611099, 1927234324, 1953954700, 1980804736, 2007765450, 2034849902, 2062039078, 2089332722, 2116756225, 2144281712, 2171916847, 2199663247, 2227513784, 2255473933, 2283552052, 2311734882, 2340019243, 2368417049, 2396923646, 2425533025, 2454248762, 2483077319, 2512002814, 2541039565, 2570168422, 2599400975, 2628733904, 2658183171, 2687726029, 2717373312, 2747119291, 2776965166, 2806915949, 2836963769, 2867124326, 2897379984, 2927733492, 2958203504, 2988745574, 3019399637, 3050142965, 3080987034, 3111906823, 3142932208, 3174060114, 3205289207, 3236612646, 3268032088, 3299539911, 3331136071, 3362836246, 3394627859, 3426515523, 3458478628, 3490549375, 3522712357, 3554963285, 3587300326, 3619728760, 3652261423, 3684885548, 3717596941, 3750386593, 3783281653, 3816246856, 3849309909, 3882460878, 3915700242, 3949023967, 3982439631, 4015935039, 4049519759, 4083196835, 4116963918, 4150824382, 4184766662, 4218794046, 4252902161, 4287106712, 4321391950, 4355754525, 4390211620, 4424752298, 4459378089, 4494073004, 4528868764, 4563742257, 4598709766, 4633739564, 4668865303, 4704072641, 4739368910, 4774744896, 4810204792, 4845736819, 4881360828, 4917050908]

[33mBuilt regression model![0m
Model info:
	r^2:		0.9999999992350878
	p-value:	0
	intercept:	-3.452734171688725
	slope:	1.4535976839982392
Fractal dimension: 1.4535976839982392
