[33mCounting circles[0m
8%		2m 20.865377158s remaining
17%		2m 5.9946800449999955s remaining
25%		1m 51.302006597s remaining
33%		1m 37.878757754000006s remaining
42%		1m 25.671507324000004s remaining
50%		1m 13.912874731000002s remaining
58%		1m 1.8005748409999995s remaining
67%		49.326207453s remaining
75%		36.819779081s remaining
83%		24.491475752s remaining
92%		12.269530106s remaining

Took 2m 27.772294786000003s to count circles

[33mDone counting circles![0m
sample points:
[2525000.0, 2550000.0, 2575000.0, 2600000.0, 2625000.0, 2650000.0, 2675000.0, 2700000.0, 2725000.0, 2750000.0, 2775000.0, 2800000.0, 2825000.0, 2850000.0, 2875000.0, 2900000.0, 2925000.0, 2950000.0, 2975000.0, 3000000.0, 3025000.0, 3050000.0, 3075000.0, 3100000.0, 3125000.0, 3150000.0, 3175000.0, 3200000.0, 3225000.0, 3250000.0, 3275000.0, 3300000.0, 3325000.0, 3350000.0, 3375000.0, 3400000.0, 3425000.0, 3450000.0, 3475000.0, 3500000.0, 3525000.0, 3550000.0, 3575000.0, 3600000.0, 3625000.0, 3650000.0, 3675000.0, 3700000.0, 3725000.0, 3750000.0, 3775000.0, 3800000.0, 3825000.0, 3850000.0, 3875000.0, 3900000.0, 3925000.0, 3950000.0, 3975000.0, 4000000.0, 4025000.0, 4050000.0, 4075000.0, 4100000.0, 4125000.0, 4150000.0, 4175000.0, 4200000.0, 4225000.0, 4250000.0, 4275000.0, 4300000.0, 4325000.0, 4350000.0, 4375000.0, 4400000.0, 4425000.0, 4450000.0, 4475000.0, 4500000.0, 4525000.0, 4550000.0, 4575000.0, 4600000.0, 4625000.0, 4650000.0, 4675000.0, 4700000.0, 4725000.0, 4750000.0, 4775000.0, 4800000.0, 4825000.0, 4850000.0, 4875000.0, 4900000.0, 4925000.0, 4950000.0, 4975000.0, 5000000.0]

number of circles fewer than each of those sample points:
[41384241, 41964746, 42547693, 43133335, 43719750, 44308385, 44900831, 45493783, 46090514, 46688250, 47288241, 47891125, 48495523, 49102270, 49711729, 50323144, 50937662, 51553591, 52171645, 52791719, 53415040, 54039199, 54666143, 55296700, 55929116, 56562645, 57197055, 57833681, 58472820, 59115406, 59759041, 60403882, 61051207, 61700507, 62352920, 63006664, 63662346, 64319973, 64979532, 65639875, 66302668, 66967337, 67635230, 68303518, 68975644, 69649726, 70324294, 71000240, 71678989, 72359912, 73041098, 73725751, 74412195, 75099253, 75788682, 76481504, 77173997, 77868751, 78566875, 79266493, 79966818, 80670107, 81376319, 82083345, 82792028, 83502049, 84212399, 84926078, 85639621, 86355736, 87075312, 87794551, 88515112, 89238451, 89964004, 90690942, 91419482, 92149936, 92881611, 93615357, 94352097, 95088430, 95825989, 96565694, 97308093, 98050947, 98796342, 99543487, 100291363, 101041859, 101794525, 102548106, 103302768, 104060890, 104820087, 105580563, 106343747, 107108492, 107872399, 108639755]

[33mBuilt regression model![0m
Model info:
	r^2:		0.9999999917061846
	p-value:	0
	intercept:	-3.286820335108306
	slope:	1.4126702715887578
Fractal dimension: 1.4126702715887578
