[33mCounting circles[0m
10%		1m 56.706730787s remaining
20%		1m 43.274625168s remaining
30%		1m 30.055672342999998s remaining
40%		1m 17.138166807999994s remaining
50%		1m 4.3644619009999985s remaining
60%		51.51419892s remaining
70%		38.603425885s remaining
80%		25.715213838s remaining
90%		12.860720898s remaining

Took 2m 8.709570227s to count circles

[33mDone counting circles![0m
sample points:
[2525000.0, 2550000.0, 2575000.0, 2600000.0, 2625000.0, 2650000.0, 2675000.0, 2700000.0, 2725000.0, 2750000.0, 2775000.0, 2800000.0, 2825000.0, 2850000.0, 2875000.0, 2900000.0, 2925000.0, 2950000.0, 2975000.0, 3000000.0, 3025000.0, 3050000.0, 3075000.0, 3100000.0, 3125000.0, 3150000.0, 3175000.0, 3200000.0, 3225000.0, 3250000.0, 3275000.0, 3300000.0, 3325000.0, 3350000.0, 3375000.0, 3400000.0, 3425000.0, 3450000.0, 3475000.0, 3500000.0, 3525000.0, 3550000.0, 3575000.0, 3600000.0, 3625000.0, 3650000.0, 3675000.0, 3700000.0, 3725000.0, 3750000.0, 3775000.0, 3800000.0, 3825000.0, 3850000.0, 3875000.0, 3900000.0, 3925000.0, 3950000.0, 3975000.0, 4000000.0, 4025000.0, 4050000.0, 4075000.0, 4100000.0, 4125000.0, 4150000.0, 4175000.0, 4200000.0, 4225000.0, 4250000.0, 4275000.0, 4300000.0, 4325000.0, 4350000.0, 4375000.0, 4400000.0, 4425000.0, 4450000.0, 4475000.0, 4500000.0, 4525000.0, 4550000.0, 4575000.0, 4600000.0, 4625000.0, 4650000.0, 4675000.0, 4700000.0, 4725000.0, 4750000.0, 4775000.0, 4800000.0, 4825000.0, 4850000.0, 4875000.0, 4900000.0, 4925000.0, 4950000.0, 4975000.0, 5000000.0]

number of circles fewer than each of those sample points:
[37495592, 38016450, 38539137, 39063880, 39591843, 40120808, 40652422, 41185371, 41719949, 42256741, 42797303, 43337340, 43879287, 44423437, 44969079, 45519979, 46069764, 46622383, 47176754, 47731729, 48289712, 48849678, 49411654, 49974599, 50539960, 51105001, 51673323, 52244026, 52816786, 53390336, 53965240, 54541881, 55119751, 55700961, 56282469, 56867576, 57454116, 58042350, 58631639, 59221714, 59815116, 60410368, 61005985, 61604446, 62204505, 62805250, 63409427, 64013990, 64619458, 65226426, 65836516, 66447217, 67062217, 67676335, 68292611, 68911140, 69530009, 70151051, 70772349, 71395992, 72020308, 72646516, 73276387, 73906724, 74538179, 75171823, 75807153, 76443226, 77081290, 77720495, 78362814, 79004882, 79647476, 80291134, 80938423, 81585579, 82234167, 82884445, 83536057, 84191684, 84847410, 85503930, 86161620, 86821156, 87483053, 88145449, 88809551, 89475964, 90142997, 90812242, 91482791, 92153339, 92826116, 93500363, 94175509, 94852281, 95529960, 96209076, 96889980, 97572210]

[33mBuilt regression model![0m
Model info:
	r^2:		0.9999999899311123
	p-value:	0
	intercept:	-3.1948880029924602
	slope:	1.3997442943953209
Fractal dimension: 1.3997442943953209
