[33mCounting circles[0m
13%		1m 17.911394582s remaining
25%		1m 6.829101782999999s remaining
38%		55.70217336s remaining
50%		44.546314516s remaining
63%		33.407896798s remaining
75%		22.281335511s remaining
88%		11.141024086s remaining

Took 1m 29.111251581999994s to count circles

[33mDone counting circles![0m
sample points:
[2525000.0, 2550000.0, 2575000.0, 2600000.0, 2625000.0, 2650000.0, 2675000.0, 2700000.0, 2725000.0, 2750000.0, 2775000.0, 2800000.0, 2825000.0, 2850000.0, 2875000.0, 2900000.0, 2925000.0, 2950000.0, 2975000.0, 3000000.0, 3025000.0, 3050000.0, 3075000.0, 3100000.0, 3125000.0, 3150000.0, 3175000.0, 3200000.0, 3225000.0, 3250000.0, 3275000.0, 3300000.0, 3325000.0, 3350000.0, 3375000.0, 3400000.0, 3425000.0, 3450000.0, 3475000.0, 3500000.0, 3525000.0, 3550000.0, 3575000.0, 3600000.0, 3625000.0, 3650000.0, 3675000.0, 3700000.0, 3725000.0, 3750000.0, 3775000.0, 3800000.0, 3825000.0, 3850000.0, 3875000.0, 3900000.0, 3925000.0, 3950000.0, 3975000.0, 4000000.0, 4025000.0, 4050000.0, 4075000.0, 4100000.0, 4125000.0, 4150000.0, 4175000.0, 4200000.0, 4225000.0, 4250000.0, 4275000.0, 4300000.0, 4325000.0, 4350000.0, 4375000.0, 4400000.0, 4425000.0, 4450000.0, 4475000.0, 4500000.0, 4525000.0, 4550000.0, 4575000.0, 4600000.0, 4625000.0, 4650000.0, 4675000.0, 4700000.0, 4725000.0, 4750000.0, 4775000.0, 4800000.0, 4825000.0, 4850000.0, 4875000.0, 4900000.0, 4925000.0, 4950000.0, 4975000.0, 5000000.0]

number of circles fewer than each of those sample points:
[31857402, 32293448, 32730680, 33168261, 33608746, 34049268, 34494296, 34940479, 35386105, 35833931, 36283482, 36735351, 37189301, 37644749, 38100049, 38557912, 39016881, 39476335, 39938988, 40403060, 40867683, 41335072, 41803672, 42272769, 42744673, 43217801, 43691593, 44166372, 44642535, 45120220, 45598157, 46079094, 46560435, 47044395, 47528630, 48013470, 48501185, 48989869, 49481139, 49972604, 50465456, 50960510, 51455586, 51951551, 52448942, 52947605, 53447978, 53949668, 54453724, 54957615, 55462678, 55969646, 56477237, 56987283, 57498297, 58010564, 58523910, 59038193, 59553968, 60069922, 60588568, 61108452, 61629274, 62152879, 62675639, 63199734, 63723355, 64250089, 64777272, 65304032, 65834219, 66366231, 66899768, 67433610, 67966896, 68501829, 69038172, 69576481, 70114726, 70654033, 71196351, 71737911, 72282195, 72827999, 73371737, 73918441, 74465634, 75014990, 75564177, 76115982, 76667985, 77221067, 77775784, 78331115, 78888378, 79446763, 80004878, 80565219, 81124505, 81686667]

[33mBuilt regression model![0m
Model info:
	r^2:		0.9999999371708452
	p-value:	0
	intercept:	-3.04288077898606
	slope:	1.3783795076765932
Fractal dimension: 1.3783795076765932
