[33mCounting circles[0m
8%		2m 34.03225537700001s remaining
17%		2m 19.680801435000006s remaining
25%		2m 5.496418202000001s remaining
33%		1m 51.511321728s remaining
42%		1m 37.642871951000004s remaining
50%		1m 23.761130699000006s remaining
58%		1m 9.818558953999997s remaining
67%		55.834893678s remaining
75%		41.857564783s remaining
83%		27.899259294s remaining
92%		13.952698186s remaining

Took 2m 47.49221862600001s to count circles

[33mDone counting circles![0m
sample points:
[2525000.0, 2550000.0, 2575000.0, 2600000.0, 2625000.0, 2650000.0, 2675000.0, 2700000.0, 2725000.0, 2750000.0, 2775000.0, 2800000.0, 2825000.0, 2850000.0, 2875000.0, 2900000.0, 2925000.0, 2950000.0, 2975000.0, 3000000.0, 3025000.0, 3050000.0, 3075000.0, 3100000.0, 3125000.0, 3150000.0, 3175000.0, 3200000.0, 3225000.0, 3250000.0, 3275000.0, 3300000.0, 3325000.0, 3350000.0, 3375000.0, 3400000.0, 3425000.0, 3450000.0, 3475000.0, 3500000.0, 3525000.0, 3550000.0, 3575000.0, 3600000.0, 3625000.0, 3650000.0, 3675000.0, 3700000.0, 3725000.0, 3750000.0, 3775000.0, 3800000.0, 3825000.0, 3850000.0, 3875000.0, 3900000.0, 3925000.0, 3950000.0, 3975000.0, 4000000.0, 4025000.0, 4050000.0, 4075000.0, 4100000.0, 4125000.0, 4150000.0, 4175000.0, 4200000.0, 4225000.0, 4250000.0, 4275000.0, 4300000.0, 4325000.0, 4350000.0, 4375000.0, 4400000.0, 4425000.0, 4450000.0, 4475000.0, 4500000.0, 4525000.0, 4550000.0, 4575000.0, 4600000.0, 4625000.0, 4650000.0, 4675000.0, 4700000.0, 4725000.0, 4750000.0, 4775000.0, 4800000.0, 4825000.0, 4850000.0, 4875000.0, 4900000.0, 4925000.0, 4950000.0, 4975000.0, 5000000.0]

number of circles fewer than each of those sample points:
[68261631, 69300713, 70343898, 71392682, 72446475, 73506149, 74572104, 75641054, 76715679, 77797657, 78883820, 79975657, 81073030, 82174262, 83280881, 84391028, 85507365, 86627016, 87753476, 88885215, 90022597, 91164197, 92310390, 93461989, 94617816, 95780612, 96948981, 98121341, 99298755, 100480015, 101667100, 102858630, 104053840, 105255696, 106462578, 107671190, 108886188, 110106780, 111331984, 112561234, 113792911, 115031626, 116274554, 117523105, 118775590, 120033332, 121293379, 122560045, 123830433, 125105831, 126384719, 127668576, 128956646, 130249232, 131548280, 132849957, 134155421, 135465633, 136780885, 138101320, 139425438, 140755556, 142088166, 143421640, 144762625, 146108673, 147459513, 148815061, 150172941, 151535326, 152902921, 154275238, 155652203, 157030481, 158415645, 159802695, 161196703, 162595519, 164000498, 165406143, 166813069, 168223542, 169641868, 171062993, 172488761, 173920742, 175354960, 176792820, 178234880, 179682133, 181133778, 182588229, 184047296, 185509614, 186977513, 188448885, 189923468, 191402324, 192883372, 194370110]

[33mBuilt regression model![0m
Model info:
	r^2:		0.9999999968161158
	p-value:	0
	intercept:	-4.539655877478079
	slope:	1.5316045193585355
Fractal dimension: 1.5316045193585355
