[33mCounting circles[0m
10%		2m 0.6913617090000059s remaining
20%		1m 47.194127092s remaining
30%		1m 33.767926273s remaining
40%		1m 20.354604117999997s remaining
50%		1m 6.957104510999997s remaining
60%		53.567861107s remaining
70%		40.17699983s remaining
80%		26.785057335s remaining
90%		13.392928341s remaining

Took 2m 13.924261220000005s to count circles

[33mDone counting circles![0m
sample points:
[2525000.0, 2550000.0, 2575000.0, 2600000.0, 2625000.0, 2650000.0, 2675000.0, 2700000.0, 2725000.0, 2750000.0, 2775000.0, 2800000.0, 2825000.0, 2850000.0, 2875000.0, 2900000.0, 2925000.0, 2950000.0, 2975000.0, 3000000.0, 3025000.0, 3050000.0, 3075000.0, 3100000.0, 3125000.0, 3150000.0, 3175000.0, 3200000.0, 3225000.0, 3250000.0, 3275000.0, 3300000.0, 3325000.0, 3350000.0, 3375000.0, 3400000.0, 3425000.0, 3450000.0, 3475000.0, 3500000.0, 3525000.0, 3550000.0, 3575000.0, 3600000.0, 3625000.0, 3650000.0, 3675000.0, 3700000.0, 3725000.0, 3750000.0, 3775000.0, 3800000.0, 3825000.0, 3850000.0, 3875000.0, 3900000.0, 3925000.0, 3950000.0, 3975000.0, 4000000.0, 4025000.0, 4050000.0, 4075000.0, 4100000.0, 4125000.0, 4150000.0, 4175000.0, 4200000.0, 4225000.0, 4250000.0, 4275000.0, 4300000.0, 4325000.0, 4350000.0, 4375000.0, 4400000.0, 4425000.0, 4450000.0, 4475000.0, 4500000.0, 4525000.0, 4550000.0, 4575000.0, 4600000.0, 4625000.0, 4650000.0, 4675000.0, 4700000.0, 4725000.0, 4750000.0, 4775000.0, 4800000.0, 4825000.0, 4850000.0, 4875000.0, 4900000.0, 4925000.0, 4950000.0, 4975000.0, 5000000.0]

number of circles fewer than each of those sample points:
[63565629, 64520900, 65481289, 66445210, 67415536, 68390382, 69368760, 70352801, 71338163, 72331635, 73330918, 74332277, 75339174, 76351049, 77365780, 78387369, 79411594, 80439549, 81472100, 82509033, 83553255, 84601104, 85650607, 86705163, 87765370, 88831054, 89896245, 90969986, 92047721, 93131214, 94217361, 95308882, 96404382, 97501011, 98605909, 99712712, 100824493, 101937752, 103059360, 104182995, 105310055, 106442327, 107578336, 108717705, 109862785, 111010349, 112162777, 113318948, 114479497, 115644417, 116811718, 117986114, 119163209, 120344957, 121529045, 122717670, 123910398, 125107395, 126307511, 127511901, 128718888, 129929857, 131145037, 132366655, 133587428, 134812494, 136044110, 137278883, 138517774, 139760547, 141007315, 142255709, 143510458, 144766962, 146027247, 147291943, 148560440, 149833093, 151106995, 152387214, 153670643, 154956928, 156245142, 157539652, 158835811, 160136581, 161442718, 162752658, 164063942, 165379041, 166698244, 168021467, 169346504, 170677018, 172008965, 173347492, 174686436, 176030731, 177377317, 178727709]

[33mBuilt regression model![0m
Model info:
	r^2:		0.9999999959837317
	p-value:	0
	intercept:	-4.338090759603414
	slope:	1.5130969001675096
Fractal dimension: 1.5130969001675096
