[33mCounting circles[0m
17%		39.36060484s remaining
33%		31.472659978s remaining
50%		23.60021703s remaining
67%		15.729708776s remaining
83%		7.864401861s remaining

Took 47.18622327s to count circles

[33mDone counting circles![0m
sample points:
[2525000.0, 2550000.0, 2575000.0, 2600000.0, 2625000.0, 2650000.0, 2675000.0, 2700000.0, 2725000.0, 2750000.0, 2775000.0, 2800000.0, 2825000.0, 2850000.0, 2875000.0, 2900000.0, 2925000.0, 2950000.0, 2975000.0, 3000000.0, 3025000.0, 3050000.0, 3075000.0, 3100000.0, 3125000.0, 3150000.0, 3175000.0, 3200000.0, 3225000.0, 3250000.0, 3275000.0, 3300000.0, 3325000.0, 3350000.0, 3375000.0, 3400000.0, 3425000.0, 3450000.0, 3475000.0, 3500000.0, 3525000.0, 3550000.0, 3575000.0, 3600000.0, 3625000.0, 3650000.0, 3675000.0, 3700000.0, 3725000.0, 3750000.0, 3775000.0, 3800000.0, 3825000.0, 3850000.0, 3875000.0, 3900000.0, 3925000.0, 3950000.0, 3975000.0, 4000000.0, 4025000.0, 4050000.0, 4075000.0, 4100000.0, 4125000.0, 4150000.0, 4175000.0, 4200000.0, 4225000.0, 4250000.0, 4275000.0, 4300000.0, 4325000.0, 4350000.0, 4375000.0, 4400000.0, 4425000.0, 4450000.0, 4475000.0, 4500000.0, 4525000.0, 4550000.0, 4575000.0, 4600000.0, 4625000.0, 4650000.0, 4675000.0, 4700000.0, 4725000.0, 4750000.0, 4775000.0, 4800000.0, 4825000.0, 4850000.0, 4875000.0, 4900000.0, 4925000.0, 4950000.0, 4975000.0, 5000000.0]

number of circles fewer than each of those sample points:
[34539806, 35022010, 35506991, 35991852, 36479920, 36969244, 37461430, 37954991, 38451608, 38947978, 39447917, 39950356, 40451437, 40956289, 41460852, 41968972, 42477990, 42987094, 43500286, 44014523, 44531280, 45050480, 45572856, 46094001, 46619194, 47146159, 47673571, 48203849, 48734033, 49267858, 49802944, 50336992, 50874490, 51411760, 51952235, 52495072, 53038123, 53582546, 54128890, 54676689, 55227333, 55779072, 56332557, 56885808, 57440991, 57998700, 58558887, 59119874, 59681066, 60244992, 60812052, 61378988, 61946901, 62517044, 63088906, 63663556, 64237809, 64813940, 65391327, 65973186, 66553669, 67136988, 67719541, 68302888, 68888267, 69475957, 70064380, 70656069, 71248473, 71842905, 72438824, 73034597, 73631399, 74230303, 74831611, 75435325, 76039132, 76644107, 77252594, 77862200, 78472684, 79084122, 79696473, 80310626, 80926610, 81544567, 82162654, 82780878, 83398593, 84019608, 84643776, 85267208, 85892459, 86518200, 87146339, 87775908, 88406489, 89038501, 89671619, 90305222]

[33mBuilt regression model![0m
Model info:
	r^2:		0.9999999651283338
	p-value:	0
	intercept:	-3.3788743702360904
	slope:	1.4066520667559925
Fractal dimension: 1.4066520667559925
