[33mCounting circles[0m
8%		1747m 27.197350059999735s remaining
17%		1578m 47.12568206999276s remaining
25%		1412m 35.579982434996055s remaining
33%		1251m 18.877743065997493s remaining
42%		1094m 49.84826626400172s remaining
50%		940m 15.178053021998494s remaining
58%		784m 30.34600970899919s remaining
67%		627m 2.726483742997516s remaining
75%		469m 39.803918337998766s remaining
83%		312m 58.815119949998916s remaining
92%		156m 56.74886741999944s remaining

Took 1881m 38.27981853700476s to count circles

[33mDone counting circles![0m
sample points:
[252500000.0, 255000000.0, 257500000.0, 260000000.0, 262500000.0, 265000000.0, 267500000.0, 270000000.0, 272500000.0, 275000000.0, 277500000.0, 280000000.0, 282500000.0, 285000000.0, 287500000.0, 290000000.0, 292500000.0, 295000000.0, 297500000.0, 300000000.0, 302500000.0, 305000000.0, 307500000.0, 310000000.0, 312500000.0, 315000000.0, 317500000.0, 320000000.0, 322500000.0, 325000000.0, 327500000.0, 330000000.0, 332500000.0, 335000000.0, 337500000.0, 340000000.0, 342500000.0, 345000000.0, 347500000.0, 350000000.0, 352500000.0, 355000000.0, 357500000.0, 360000000.0, 362500000.0, 365000000.0, 367500000.0, 370000000.0, 372500000.0, 375000000.0, 377500000.0, 380000000.0, 382500000.0, 385000000.0, 387500000.0, 390000000.0, 392500000.0, 395000000.0, 397500000.0, 400000000.0, 402500000.0, 405000000.0, 407500000.0, 410000000.0, 412500000.0, 415000000.0, 417500000.0, 420000000.0, 422500000.0, 425000000.0, 427500000.0, 430000000.0, 432500000.0, 435000000.0, 437500000.0, 440000000.0, 442500000.0, 445000000.0, 447500000.0, 450000000.0, 452500000.0, 455000000.0, 457500000.0, 460000000.0, 462500000.0, 465000000.0, 467500000.0, 470000000.0, 472500000.0, 475000000.0, 477500000.0, 480000000.0, 482500000.0, 485000000.0, 487500000.0, 490000000.0, 492500000.0, 495000000.0, 497500000.0, 500000000.0]

number of circles fewer than each of those sample points:
[27679424773, 28067382388, 28456861886, 28847946191, 29240575685, 29634744221, 30030475062, 30427680920, 30826445973, 31226677799, 31628477852, 32031756436, 32436542741, 32842766556, 33250502511, 33659659788, 34070296930, 34482420850, 34895970976, 35310966170, 35727367477, 36145143281, 36564372174, 36984984670, 37407072250, 37830491938, 38255313366, 38681521690, 39109128169, 39538112560, 39968425964, 40400125278, 40833170023, 41267557770, 41703281812, 42140348071, 42578737783, 43018413123, 43459433125, 43901780839, 44345458930, 44790375534, 45236610831, 45684149165, 46132964475, 46583060419, 47034409668, 47487063436, 47940955793, 48396103087, 48852511222, 49310175107, 49769089728, 50229228023, 50690637580, 51153270061, 51617106953, 52082163727, 52548403482, 53015847584, 53484506022, 53954417914, 54425511805, 54897777836, 55371211190, 55845866453, 56321761093, 56798771154, 57277007015, 57756374378, 58236879409, 58718574765, 59201368877, 59685351895, 60170502583, 60656813310, 61144254600, 61632807714, 62122566939, 62613421162, 63105402636, 63598508627, 64092755572, 64588104740, 65084541789, 65582134819, 66080764103, 66580541080, 67081362756, 67583318435, 68086328394, 68590441106, 69095633161, 69601904032, 70109287004, 70617728177, 71127260619, 71637824298, 72149441470, 72662197741]

[33mBuilt regression model![0m
Model info:
	r^2:		0.9999999999851885
	p-value:	0
	intercept:	-3.2868567008500307
	slope:	1.412669726659721
Fractal dimension: 1.412669726659721
