[33mCounting circles[0m
10%		1165m 32.39918979599315s remaining
20%		1034m 54.02598549600225s remaining
30%		904m 52.77410182199674s remaining
40%		775m 24.751766594999935s remaining
50%		646m 19.89823073900334s remaining
60%		517m 5.40825588000007s remaining
70%		387m 45.915680386999156s remaining
80%		258m 27.32928609800001s remaining
90%		129m 13.901479725999707s remaining

Took 1293m 56.57976929900178s to count circles

[33mDone counting circles![0m
sample points:
[252500000.0, 255000000.0, 257500000.0, 260000000.0, 262500000.0, 265000000.0, 267500000.0, 270000000.0, 272500000.0, 275000000.0, 277500000.0, 280000000.0, 282500000.0, 285000000.0, 287500000.0, 290000000.0, 292500000.0, 295000000.0, 297500000.0, 300000000.0, 302500000.0, 305000000.0, 307500000.0, 310000000.0, 312500000.0, 315000000.0, 317500000.0, 320000000.0, 322500000.0, 325000000.0, 327500000.0, 330000000.0, 332500000.0, 335000000.0, 337500000.0, 340000000.0, 342500000.0, 345000000.0, 347500000.0, 350000000.0, 352500000.0, 355000000.0, 357500000.0, 360000000.0, 362500000.0, 365000000.0, 367500000.0, 370000000.0, 372500000.0, 375000000.0, 377500000.0, 380000000.0, 382500000.0, 385000000.0, 387500000.0, 390000000.0, 392500000.0, 395000000.0, 397500000.0, 400000000.0, 402500000.0, 405000000.0, 407500000.0, 410000000.0, 412500000.0, 415000000.0, 417500000.0, 420000000.0, 422500000.0, 425000000.0, 427500000.0, 430000000.0, 432500000.0, 435000000.0, 437500000.0, 440000000.0, 442500000.0, 445000000.0, 447500000.0, 450000000.0, 452500000.0, 455000000.0, 457500000.0, 460000000.0, 462500000.0, 465000000.0, 467500000.0, 470000000.0, 472500000.0, 475000000.0, 477500000.0, 480000000.0, 482500000.0, 485000000.0, 487500000.0, 490000000.0, 492500000.0, 495000000.0, 497500000.0, 500000000.0]

number of circles fewer than each of those sample points:
[23638488014, 23966780378, 24296350987, 24627199245, 24959313143, 25292687649, 25627309342, 25963188553, 26300281527, 26638671764, 26978304802, 27319115652, 27661160386, 28004440920, 28348919145, 28694568920, 29041414579, 29389483098, 29738720209, 30089141403, 30440730270, 30793445706, 31147366321, 31502451936, 31858645555, 32215981856, 32574458088, 32934058404, 33294806131, 33656643707, 34019625074, 34383682995, 34748852767, 35115138427, 35482540047, 35851023544, 36220587805, 36591209022, 36962895650, 37335662497, 37709492749, 38084409954, 38460381849, 38837399939, 39215469737, 39594580655, 39974772346, 40355964594, 40738153653, 41121422097, 41505677311, 41890937073, 42277234904, 42664508049, 43052819395, 43442144671, 43832454432, 44223732033, 44616020676, 45009260131, 45403503350, 45798759480, 46194987481, 46592220747, 46990407984, 47389535246, 47789621532, 48190664040, 48592663469, 48995643273, 49399538369, 49804402171, 50210215651, 50616996802, 51024660510, 51433243118, 51842754055, 52253221537, 52664572194, 53076886092, 53490078966, 53904223557, 54319264966, 54735234028, 55152110939, 55569851576, 55988517975, 56408054952, 56828486307, 57249835069, 57672017857, 58095152911, 58519155471, 58944024180, 59369747171, 59796362288, 60223851259, 60652205384, 61081424742, 61511502269]

[33mBuilt regression model![0m
Model info:
	r^2:		0.999999999965814
	p-value:	0
	intercept:	-3.195974937395782
	slope:	1.3998153748689177
Fractal dimension: 1.3998153748689177
