[33mCounting circles[0m
13%		705m 34.73996464299853s remaining
25%		604m 36.37551471599727s remaining
38%		503m 51.39974358600011s remaining
50%		403m 4.613381662999018s remaining
63%		302m 19.5048372199999s remaining
75%		201m 34.108267387000524s remaining
88%		100m 47.08127536499978s remaining

Took 806m 11.597118653997313s to count circles

[33mDone counting circles![0m
sample points:
[252500000.0, 255000000.0, 257500000.0, 260000000.0, 262500000.0, 265000000.0, 267500000.0, 270000000.0, 272500000.0, 275000000.0, 277500000.0, 280000000.0, 282500000.0, 285000000.0, 287500000.0, 290000000.0, 292500000.0, 295000000.0, 297500000.0, 300000000.0, 302500000.0, 305000000.0, 307500000.0, 310000000.0, 312500000.0, 315000000.0, 317500000.0, 320000000.0, 322500000.0, 325000000.0, 327500000.0, 330000000.0, 332500000.0, 335000000.0, 337500000.0, 340000000.0, 342500000.0, 345000000.0, 347500000.0, 350000000.0, 352500000.0, 355000000.0, 357500000.0, 360000000.0, 362500000.0, 365000000.0, 367500000.0, 370000000.0, 372500000.0, 375000000.0, 377500000.0, 380000000.0, 382500000.0, 385000000.0, 387500000.0, 390000000.0, 392500000.0, 395000000.0, 397500000.0, 400000000.0, 402500000.0, 405000000.0, 407500000.0, 410000000.0, 412500000.0, 415000000.0, 417500000.0, 420000000.0, 422500000.0, 425000000.0, 427500000.0, 430000000.0, 432500000.0, 435000000.0, 437500000.0, 440000000.0, 442500000.0, 445000000.0, 447500000.0, 450000000.0, 452500000.0, 455000000.0, 457500000.0, 460000000.0, 462500000.0, 465000000.0, 467500000.0, 470000000.0, 472500000.0, 475000000.0, 477500000.0, 480000000.0, 482500000.0, 485000000.0, 487500000.0, 490000000.0, 492500000.0, 495000000.0, 497500000.0, 500000000.0]

number of circles fewer than each of those sample points:
[18193432364, 18442165408, 18691813049, 18942401405, 19193862555, 19446259754, 19699566203, 19953787136, 20208893428, 20464882081, 20721772351, 20979482196, 21238083888, 21497559453, 21757876758, 22019064240, 22281123572, 22544000696, 22807754817, 23072349589, 23337780756, 23604061619, 23871152357, 24139040681, 24407760611, 24677309054, 24947668663, 25218857448, 25490839066, 25763585537, 26037131315, 26311452800, 26586598200, 26862523188, 27139259862, 27416742124, 27694993967, 27974036701, 28253816515, 28534371998, 28815718177, 29097797000, 29380641898, 29664234498, 29948551291, 30233620641, 30519462558, 30806014429, 31093285639, 31381287819, 31670009365, 31959463105, 32249621456, 32540546848, 32832163155, 33124469945, 33417494181, 33711208991, 34005647226, 34300798468, 34596624676, 34893136927, 35190357331, 35488283164, 35786909686, 36086198672, 36386136200, 36686804462, 36988108920, 37290130020, 37592814901, 37896137375, 38200150701, 38504798140, 38810133948, 39116143604, 39422843140, 39730172325, 40038183687, 40346833889, 40656105465, 40966038145, 41276594691, 41587827395, 41899690583, 42212201505, 42525321390, 42839087680, 43153469299, 43468472847, 43784102144, 44100355243, 44417217233, 44734688260, 45052836039, 45371553190, 45690887591, 46010854780, 46331452547, 46652672696]

[33mBuilt regression model![0m
Model info:
	r^2:		0.999999999854489
	p-value:	0
	intercept:	-3.0424613068814637
	slope:	1.3783473933850796
Fractal dimension: 1.3783473933850796
