[33mCounting circles[0m
17%		55m 35.96602894999978s remaining
33%		44m 29.973998276000202s remaining
50%		27m 49.8933869330001s remaining
67%		19m 40.56219278599997s remaining
83%		8m 59.126774430999944s remaining

Took 56m 36.55391499999996s to count circles

[33mDone counting circles![0m
sample points:
[101000000.0, 102000000.0, 103000000.0, 104000000.0, 105000000.0, 106000000.0, 107000000.0, 108000000.0, 109000000.0, 110000000.0, 111000000.0, 112000000.0, 113000000.0, 114000000.0, 115000000.0, 116000000.0, 117000000.0, 118000000.0, 119000000.0, 120000000.0, 121000000.0, 122000000.0, 123000000.0, 124000000.0, 125000000.0, 126000000.0, 127000000.0, 128000000.0, 129000000.0, 130000000.0, 131000000.0, 132000000.0, 133000000.0, 134000000.0, 135000000.0, 136000000.0, 137000000.0, 138000000.0, 139000000.0, 140000000.0, 141000000.0, 142000000.0, 143000000.0, 144000000.0, 145000000.0, 146000000.0, 147000000.0, 148000000.0, 149000000.0, 150000000.0, 151000000.0, 152000000.0, 153000000.0, 154000000.0, 155000000.0, 156000000.0, 157000000.0, 158000000.0, 159000000.0, 160000000.0, 161000000.0, 162000000.0, 163000000.0, 164000000.0, 165000000.0, 166000000.0, 167000000.0, 168000000.0, 169000000.0, 170000000.0, 171000000.0, 172000000.0, 173000000.0, 174000000.0, 175000000.0, 176000000.0, 177000000.0, 178000000.0, 179000000.0, 180000000.0, 181000000.0, 182000000.0, 183000000.0, 184000000.0, 185000000.0, 186000000.0, 187000000.0, 188000000.0, 189000000.0, 190000000.0, 191000000.0, 192000000.0, 193000000.0, 194000000.0, 195000000.0, 196000000.0, 197000000.0, 198000000.0, 199000000.0, 200000000.0]

number of circles fewer than each of those sample points:
[1911609331, 1936987131, 1962433592, 1987970163, 2013589469, 2039291848, 2065073784, 2090933680, 2116890886, 2142930559, 2169046068, 2195223682, 2221493317, 2247837685, 2274262871, 2300772122, 2327361840, 2354017207, 2380755884, 2407565937, 2434450386, 2461417673, 2488452024, 2515554683, 2542738532, 2569995772, 2597319377, 2624734444, 2652204516, 2679758850, 2707380602, 2735073787, 2762830689, 2790670410, 2818572880, 2846545488, 2874589406, 2902698530, 2930886822, 2959129219, 2987456906, 3015849750, 3044307161, 3072837554, 3101419044, 3130075320, 3158799960, 3187585181, 3216455302, 3245370196, 3274357013, 3303403646, 3332514331, 3361700482, 3390945767, 3420250206, 3449617873, 3479063014, 3508568300, 3538129608, 3567748992, 3597439186, 3627182178, 3656995210, 3686876489, 3716810213, 3746802842, 3776856744, 3806979144, 3837143556, 3867372844, 3897666596, 3928012756, 3958417695, 3988896797, 4019428298, 4050016141, 4080680100, 4111366120, 4142128350, 4172951998, 4203834722, 4234769556, 4265759547, 4296814181, 4327922775, 4359072135, 4390296266, 4421581913, 4452916164, 4484308583, 4515754260, 4547258148, 4578808291, 4610420635, 4642098390, 4673834523, 4705598651, 4737431282, 4769329245]

[33mBuilt regression model![0m
Model info:
	r^2:		0.9999999997941315
	p-value:	0
	intercept:	-3.2928517901459244
	slope:	1.3382104117913456
Fractal dimension: 1.3382104117913456
