[33mCounting circles[0m
17%		131m 47.64014319499984s remaining
33%		87m 5.406665853999584s remaining
50%		52m 40.561460348999844s remaining
67%		30m 54.099491813999975s remaining
83%		15m 47.93597130399996s remaining

Took 87m 10.306629835000422s to count circles

[33mDone counting circles![0m
sample points:
[101000000.0, 102000000.0, 103000000.0, 104000000.0, 105000000.0, 106000000.0, 107000000.0, 108000000.0, 109000000.0, 110000000.0, 111000000.0, 112000000.0, 113000000.0, 114000000.0, 115000000.0, 116000000.0, 117000000.0, 118000000.0, 119000000.0, 120000000.0, 121000000.0, 122000000.0, 123000000.0, 124000000.0, 125000000.0, 126000000.0, 127000000.0, 128000000.0, 129000000.0, 130000000.0, 131000000.0, 132000000.0, 133000000.0, 134000000.0, 135000000.0, 136000000.0, 137000000.0, 138000000.0, 139000000.0, 140000000.0, 141000000.0, 142000000.0, 143000000.0, 144000000.0, 145000000.0, 146000000.0, 147000000.0, 148000000.0, 149000000.0, 150000000.0, 151000000.0, 152000000.0, 153000000.0, 154000000.0, 155000000.0, 156000000.0, 157000000.0, 158000000.0, 159000000.0, 160000000.0, 161000000.0, 162000000.0, 163000000.0, 164000000.0, 165000000.0, 166000000.0, 167000000.0, 168000000.0, 169000000.0, 170000000.0, 171000000.0, 172000000.0, 173000000.0, 174000000.0, 175000000.0, 176000000.0, 177000000.0, 178000000.0, 179000000.0, 180000000.0, 181000000.0, 182000000.0, 183000000.0, 184000000.0, 185000000.0, 186000000.0, 187000000.0, 188000000.0, 189000000.0, 190000000.0, 191000000.0, 192000000.0, 193000000.0, 194000000.0, 195000000.0, 196000000.0, 197000000.0, 198000000.0, 199000000.0, 200000000.0]

number of circles fewer than each of those sample points:
[2727313088, 2763126275, 2799052300, 2835098697, 2871249814, 2907519254, 2943908630, 2980399714, 3017004387, 3053707321, 3090540077, 3127457835, 3164481141, 3201627095, 3238866700, 3276227518, 3313682289, 3351252779, 3388919555, 3426681492, 3464559353, 3502527791, 3540589156, 3578753845, 3617025324, 3655395956, 3693864138, 3732433578, 3771092291, 3809853537, 3848705570, 3887651250, 3926691521, 3965823072, 4005054569, 4044390025, 4083817331, 4123343426, 4162954329, 4202662440, 4242469741, 4282360440, 4322333234, 4362394207, 4402549666, 4442813613, 4483151055, 4523583776, 4564095844, 4604706257, 4645394364, 4686174275, 4727044254, 4768001102, 4809046596, 4850184296, 4891393752, 4932704578, 4974106233, 5015581673, 5057120461, 5098755410, 5140463702, 5182269468, 5224157175, 5266123828, 5308170820, 5350308807, 5392529489, 5434823444, 5477208163, 5519667932, 5562205676, 5604805569, 5647494907, 5690271585, 5733120431, 5776058631, 5819067373, 5862143444, 5905307033, 5948549710, 5991864069, 6035264350, 6078740557, 6122299689, 6165927803, 6209630007, 6253417369, 6297264728, 6341198441, 6385209916, 6429282974, 6473432404, 6517667723, 6561964269, 6606337359, 6650781238, 6695286468, 6739870551]

[33mBuilt regression model![0m
Model info:
	r^2:		0.999999999686464
	p-value:	0
	intercept:	-2.6799928166886104
	slope:	1.3242402249737837
Fractal dimension: 1.3242402249737837
