[33mCounting circles[0m
8%		899m 17.352501954002946s remaining
17%		817m 33.2146559449975s remaining
25%		735m 42.51635951700155s remaining
33%		654m 20.27467701600108s remaining
42%		572m 26.42329993900057s remaining
50%		490m 39.85391503899882s remaining
58%		409m 42.81276050499946s remaining
67%		328m 5.405271768999228s remaining
75%		246m 1.0673885380001593s remaining
83%		163m 58.90497661900008s remaining
92%		81m 59.03734502600037s remaining

Took 983m 46.72437732000253s to count circles

[33mDone counting circles![0m
sample points:
[101000000.0, 102000000.0, 103000000.0, 104000000.0, 105000000.0, 106000000.0, 107000000.0, 108000000.0, 109000000.0, 110000000.0, 111000000.0, 112000000.0, 113000000.0, 114000000.0, 115000000.0, 116000000.0, 117000000.0, 118000000.0, 119000000.0, 120000000.0, 121000000.0, 122000000.0, 123000000.0, 124000000.0, 125000000.0, 126000000.0, 127000000.0, 128000000.0, 129000000.0, 130000000.0, 131000000.0, 132000000.0, 133000000.0, 134000000.0, 135000000.0, 136000000.0, 137000000.0, 138000000.0, 139000000.0, 140000000.0, 141000000.0, 142000000.0, 143000000.0, 144000000.0, 145000000.0, 146000000.0, 147000000.0, 148000000.0, 149000000.0, 150000000.0, 151000000.0, 152000000.0, 153000000.0, 154000000.0, 155000000.0, 156000000.0, 157000000.0, 158000000.0, 159000000.0, 160000000.0, 161000000.0, 162000000.0, 163000000.0, 164000000.0, 165000000.0, 166000000.0, 167000000.0, 168000000.0, 169000000.0, 170000000.0, 171000000.0, 172000000.0, 173000000.0, 174000000.0, 175000000.0, 176000000.0, 177000000.0, 178000000.0, 179000000.0, 180000000.0, 181000000.0, 182000000.0, 183000000.0, 184000000.0, 185000000.0, 186000000.0, 187000000.0, 188000000.0, 189000000.0, 190000000.0, 191000000.0, 192000000.0, 193000000.0, 194000000.0, 195000000.0, 196000000.0, 197000000.0, 198000000.0, 199000000.0, 200000000.0]

number of circles fewer than each of those sample points:
[13663341091, 13860439276, 14058425252, 14257274197, 14456988656, 14657577848, 14859031872, 15061339474, 15264496692, 15468476495, 15673306412, 15878963220, 16085464020, 16292765852, 16500915587, 16709843692, 16919619632, 17130214699, 17341644551, 17553882138, 17766923323, 17980759117, 18195397137, 18410827610, 18627050771, 18844043422, 19061825234, 19280373962, 19499694664, 19719782019, 19940681909, 20162352832, 20384769553, 20607923978, 20831815539, 21056491893, 21281921072, 21508097679, 21735020702, 21962698331, 22191080718, 22420206750, 22650062432, 22880673338, 23112014922, 23344069585, 23576858283, 23810376250, 24044576821, 24279517996, 24515177432, 24751570881, 24988597160, 25226380729, 25464852916, 25704061816, 25943887865, 26184433196, 26425691232, 26667639215, 26910258560, 27153570991, 27397560218, 27642176658, 27887517375, 28133551385, 28380234612, 28627570574, 28875599959, 29124292593, 29373636310, 29623629965, 29874322722, 30125677470, 30377687870, 30630331923, 30883636305, 31137621280, 31392209987, 31647438265, 31903319710, 32159835953, 32416982622, 32674772545, 32933202656, 33192306139, 33452032982, 33712370310, 33973307762, 34234889161, 34497090823, 34759939171, 35023390855, 35287468025, 35552175994, 35817512968, 36083454312, 36350009004, 36617209368, 36885008293]

[33mBuilt regression model![0m
Model info:
	r^2:		0.9999999999135338
	p-value:	0
	intercept:	-3.452509385101635
	slope:	1.4535853797283425
Fractal dimension: 1.4535853797283425
