1: 1,2; 1,3; 1,4; 1,5; 1,6; 1,7; 1,8; 2,8; 2,7; 2,3; 3,7; 3,6; 3,5; 3,4; 4,5; 5,6; 6,7; 7,8
2: 1,2; 1,3; 1,4; 1,5; 1,6; 1,7; 2,7; 2,8; 3,8; 3,7; 3,6; 3,5; 3,4; 4,5; 5,6; 6,7; 7,8
3: 1,2; 1,3; 1,4; 1,5; 1,6; 2,7; 2,3; 3,7; 3,4; 4,7; 4,5; 5,7; 5,8; 5,6; 6,8; 7,8
4: 1,2; 1,3; 1,4; 1,5; 1,6; 1,7; 2,7; 2,6; 2,8; 3,8; 3,4; 4,8; 4,5; 5,8; 5,6; 6,8; 6,7
5: 1,2; 1,3; 1,4; 1,5; 1,6; 1,7; 2,7; 2,8; 3,8; 3,7; 3,4; 4,7; 4,6; 4,5; 5,6; 6,7; 7,8
6: 1,2; 1,3; 1,4; 1,5; 1,6; 2,6; 2,5; 2,7; 3,7; 3,8; 4,8; 4,7; 4,5; 5,7; 5,6; 7,8
7: 1,2; 1,3; 1,4; 1,5; 1,6; 2,7; 2,5; 2,4; 2,3; 3,4; 4,5; 5,7; 5,8; 5,6; 6,8; 7,8
8: 1,2; 1,3; 1,4; 1,5; 2,6; 2,3; 3,6; 3,4; 4,6; 4,7; 4,8; 4,5; 5,8; 6,7; 7,8
9: 1,2; 1,3; 1,4; 1,5; 1,6; 2,7; 2,5; 2,8; 3,8; 3,4; 4,8; 4,5; 5,8; 5,7; 5,6; 6,7
10: 1,2; 1,3; 1,4; 1,5; 2,5; 2,6; 2,7; 3,7; 3,8; 4,8; 4,7; 4,6; 5,6; 6,7; 7,8
11: 1,2; 1,3; 1,4; 1,5; 1,6; 2,6; 2,7; 2,3; 3,7; 3,8; 3,4; 4,8; 5,8; 5,7; 6,7
12: 1,2; 1,3; 1,4; 1,5; 2,5; 2,6; 2,7; 3,7; 3,8; 4,8; 4,6; 5,6; 6,7; 7,8
13: 1,2; 1,3; 1,4; 1,5; 1,6; 2,6; 2,7; 2,3; 3,8; 3,4; 4,8; 5,8; 5,7; 6,7
14: 1,2; 1,3; 1,4; 1,5; 1,6; 1,7; 2,7; 2,6; 2,8; 3,8; 3,6; 3,5; 3,4; 4,5; 5,6; 6,8; 6,7
15: 1,2; 1,3; 1,4; 1,5; 1,6; 1,7; 2,7; 2,5; 2,8; 3,8; 3,4; 4,8; 4,5; 5,8; 5,7; 5,6; 6,7
16: 1,2; 1,3; 1,4; 1,5; 1,6; 2,6; 2,7; 2,8; 3,8; 3,4; 4,8; 4,5; 5,8; 5,7; 6,7; 7,8
17: 1,2; 1,3; 1,4; 1,5; 2,5; 2,6; 2,7; 3,8; 3,4; 4,8; 4,6; 5,6; 6,8; 6,7; 7,8
18: 1,2; 1,3; 1,4; 1,5; 1,6; 2,6; 2,5; 2,7; 3,8; 3,4; 4,8; 4,5; 5,8; 5,7; 5,6; 7,8
19: 1,2; 1,3; 1,4; 1,5; 1,6; 1,7; 1,8; 2,8; 2,3; 3,8; 3,4; 4,8; 4,5; 5,7; 5,6; 6,7; 7,8
20: 1,2; 1,3; 1,4; 1,5; 1,6; 1,7; 2,7; 2,8; 3,8; 3,6; 3,5; 3,4; 4,5; 5,6; 6,7; 7,8
21: 1,2; 1,3; 1,4; 1,5; 1,6; 2,7; 2,3; 3,7; 3,4; 4,7; 4,5; 5,8; 5,6; 6,8; 7,8
22: 1,2; 1,3; 1,4; 1,5; 1,6; 1,7; 2,7; 2,6; 2,8; 3,8; 3,4; 4,8; 4,5; 5,8; 5,6; 6,7
23: 1,2; 1,3; 1,4; 1,5; 1,6; 1,7; 2,7; 2,8; 3,8; 3,7; 3,4; 4,6; 4,5; 5,6; 6,7; 7,8
24: 1,2; 1,3; 1,4; 1,5; 1,6; 2,6; 2,5; 2,7; 3,7; 3,8; 4,8; 4,7; 4,5; 5,6; 7,8
25: 1,2; 1,3; 1,4; 1,5; 2,6; 2,4; 2,3; 3,4; 4,7; 5,7; 5,8; 6,8; 6,7; 7,8
26: 1,2; 1,3; 1,4; 1,5; 1,6; 2,7; 2,4; 2,3; 3,4; 4,5; 5,7; 5,8; 5,6; 6,8; 7,8
27: 1,2; 1,3; 1,4; 1,5; 1,6; 2,7; 2,5; 2,8; 3,8; 3,4; 4,8; 4,5; 5,7; 5,6; 6,7
28: 1,2; 1,3; 1,4; 1,5; 2,5; 2,6; 2,7; 3,7; 3,8; 4,8; 4,7; 4,6; 5,6; 7,8
29: 1,2; 1,3; 1,4; 1,5; 1,6; 1,7; 2,7; 2,6; 2,8; 3,8; 3,5; 3,4; 4,5; 5,6; 6,8; 6,7
30: 1,2; 1,3; 1,4; 1,5; 1,6; 2,6; 2,5; 2,7; 3,7; 3,4; 4,7; 4,8; 5,8; 5,6; 7,8
31: 1,2; 1,3; 1,4; 1,5; 1,6; 1,7; 2,7; 2,5; 2,8; 3,8; 3,4; 4,8; 4,5; 5,7; 5,6; 6,7
32: 1,2; 1,3; 1,4; 1,5; 1,6; 2,7; 2,8; 3,8; 3,6; 3,5; 3,4; 4,5; 5,6; 6,7; 7,8
33: 1,2; 1,3; 1,4; 1,5; 2,6; 2,3; 3,6; 3,4; 4,6; 4,7; 5,7; 5,8; 6,8; 7,8
34: 1,2; 1,3; 1,4; 1,5; 1,6; 2,6; 2,7; 2,8; 3,8; 3,4; 4,8; 4,5; 5,8; 5,7; 6,7
35: 1,2; 1,3; 1,4; 1,5; 1,6; 2,6; 2,5; 2,7; 3,8; 3,4; 4,8; 4,5; 5,7; 5,6; 7,8
36: 1,2; 1,3; 1,4; 1,5; 2,5; 2,6; 3,7; 3,4; 4,7; 4,5; 5,8; 5,6; 6,8; 7,8
37: 1,2; 1,3; 1,4; 1,5; 1,6; 1,7; 1,8; 2,8; 2,3; 3,4; 4,8; 4,5; 5,8; 5,7; 5,6; 6,7; 7,8
38: 1,2; 1,3; 1,4; 1,5; 1,6; 1,7; 2,7; 2,8; 3,8; 3,7; 3,6; 3,4; 4,5; 5,6; 6,7; 7,8
39: 1,2; 1,3; 1,4; 1,5; 1,6; 2,7; 2,3; 3,4; 4,7; 4,5; 5,7; 5,8; 5,6; 6,8; 7,8
40: 1,2; 1,3; 1,4; 1,5; 1,6; 2,6; 2,7; 3,7; 3,5; 3,8; 3,4; 4,8; 5,8; 5,7; 5,6
41: 1,2; 1,3; 1,4; 1,5; 2,6; 2,3; 3,7; 4,7; 4,6; 4,8; 4,5; 5,8; 6,8; 6,7
42: 1,2; 1,3; 1,4; 1,5; 2,6; 2,7; 3,7; 3,6; 3,8; 3,4; 4,5; 5,8; 6,8; 6,7
43: 1,2; 1,3; 1,4; 2,5; 2,3; 3,6; 4,7; 4,8; 5,8; 5,7; 5,6; 6,7; 7,8
44: 1,2; 1,3; 1,4; 1,5; 1,6; 1,7; 2,7; 2,6; 2,8; 3,8; 3,4; 4,5; 5,8; 5,6; 6,8; 6,7
45: 1,2; 1,3; 1,4; 1,5; 1,6; 2,6; 2,7; 3,7; 3,8; 3,5; 3,4; 4,5; 5,8; 6,8; 7,8
46: 1,2; 1,3; 1,4; 1,5; 2,6; 2,3; 3,6; 3,7; 4,7; 4,5; 5,8; 6,8; 6,7; 7,8
47: 1,2; 1,3; 1,4; 1,5; 1,6; 1,7; 2,7; 2,8; 3,8; 3,6; 3,5; 3,4; 4,5; 5,6; 6,8; 6,7
48: 1,2; 1,3; 1,4; 1,5; 1,6; 2,7; 2,3; 3,7; 3,4; 4,7; 4,8; 4,5; 5,6; 6,8; 7,8
49: 1,2; 1,3; 1,4; 1,5; 1,6; 1,7; 2,7; 2,5; 2,8; 3,8; 3,4; 4,8; 4,5; 5,8; 5,6; 6,7
50: 1,2; 1,3; 1,4; 1,5; 1,6; 2,7; 2,8; 3,8; 3,7; 3,6; 3,4; 4,5; 5,6; 6,7; 7,8
51: 1,2; 1,3; 1,4; 1,5; 2,6; 2,3; 3,4; 4,6; 4,7; 5,7; 5,8; 6,8; 6,7; 7,8
52: 1,2; 1,3; 1,4; 1,5; 1,6; 2,6; 2,7; 2,8; 3,8; 3,4; 4,5; 5,8; 5,7; 6,7; 7,8
53: 1,2; 1,3; 1,4; 1,5; 1,6; 1,7; 1,8; 2,8; 2,3; 3,7; 3,4; 4,6; 4,5; 5,6; 6,7; 7,8
54: 1,2; 1,3; 1,4; 1,5; 1,6; 1,7; 2,7; 2,8; 3,8; 3,6; 3,4; 4,5; 5,6; 6,7; 7,8
55: 1,2; 1,3; 1,4; 1,5; 1,6; 2,6; 2,7; 3,7; 3,8; 3,4; 4,8; 5,8; 5,7; 5,6
56: 1,2; 1,3; 1,4; 1,5; 2,6; 2,7; 3,7; 3,8; 3,4; 4,5; 5,8; 6,8; 6,7
57: 1,2; 1,3; 1,4; 1,5; 1,6; 2,6; 2,4; 2,7; 3,7; 3,8; 4,8; 4,5; 5,6; 7,8
58: 1,2; 1,3; 1,4; 1,5; 1,6; 1,7; 2,7; 2,6; 2,8; 3,8; 3,4; 4,5; 5,8; 5,6; 6,7
59: 1,2; 1,3; 1,4; 1,5; 1,6; 2,6; 2,7; 3,8; 3,4; 4,5; 5,8; 5,6; 6,7; 7,8
60: 1,2; 1,3; 1,4; 1,5; 1,6; 2,6; 2,7; 3,7; 3,5; 3,4; 4,5; 5,8; 6,8; 7,8
61: 1,2; 1,3; 1,4; 1,5; 2,5; 2,6; 3,7; 3,4; 4,8; 5,8; 5,6; 6,7; 7,8
62: 1,2; 1,3; 1,4; 2,5; 2,6; 3,7; 3,4; 4,8; 5,8; 5,6; 6,7; 7,8
63: 1,2; 1,3; 1,4; 1,5; 1,6; 1,7; 1,8; 2,8; 2,4; 2,3; 3,4; 4,8; 4,5; 5,8; 5,7; 5,6; 6,7; 7,8
64: 1,2; 1,3; 1,4; 1,5; 1,6; 1,7; 2,7; 2,5; 2,4; 2,8; 3,8; 3,4; 4,8; 4,5; 5,7; 5,6; 6,7
65: 1,2; 1,3; 1,4; 1,5; 1,6; 2,7; 2,8; 3,8; 3,6; 3,5; 3,4; 4,5; 5,6; 6,8; 6,7; 7,8
66: 1,2; 1,3; 1,4; 1,5; 2,5; 2,4; 2,6; 3,7; 3,8; 4,8; 4,6; 4,5; 6,8; 6,7; 7,8
67: 1,2; 1,3; 1,4; 1,5; 1,6; 2,6; 2,7; 2,5; 2,8; 3,8; 3,4; 4,8; 4,5; 5,8; 5,7; 6,7
68: 1,2; 1,3; 1,4; 1,5; 2,5; 2,6; 2,7; 3,8; 3,4; 4,8; 4,7; 4,6; 5,6; 6,7; 7,8
69: 1,2; 1,3; 1,4; 1,5; 1,6; 2,6; 2,7; 3,7; 3,6; 3,5; 3,8; 4,8; 4,5; 5,8; 5,6; 6,7
70: 1,2; 1,3; 1,4; 1,5; 1,6; 2,6; 2,5; 2,7; 3,8; 3,4; 4,8; 4,7; 4,5; 5,7; 5,6; 7,8
71: 1,2; 1,3; 1,4; 1,5; 2,5; 2,6; 3,7; 3,4; 4,7; 4,8; 4,5; 5,8; 5,6; 6,8; 7,8
72: 1,2; 1,3; 1,4; 1,5; 1,6; 1,7; 2,7; 2,8; 3,8; 3,6; 3,5; 3,4; 4,5; 5,6; 6,8; 6,7; 7,8
73: 1,2; 1,3; 1,4; 1,5; 1,6; 2,7; 2,3; 3,7; 3,4; 4,7; 4,8; 4,5; 5,8; 5,6; 6,8; 7,8
74: 1,2; 1,3; 1,4; 1,5; 1,6; 1,7; 2,7; 2,6; 2,8; 3,8; 3,5; 3,4; 4,5; 5,8; 5,6; 6,8; 6,7
75: 1,2; 1,3; 1,4; 1,5; 1,6; 2,6; 2,7; 3,7; 3,8; 3,5; 3,4; 4,5; 5,8; 6,8; 6,7; 7,8
76: 1,2; 1,3; 1,4; 1,5; 1,6; 1,7; 2,7; 2,8; 2,6; 2,3; 3,6; 3,5; 3,4; 4,5; 5,6; 6,8; 6,7; 7,8
77: 1,2; 1,3; 1,4; 1,5; 1,6; 2,6; 2,7; 2,8; 3,8; 3,6; 3,5; 3,4; 4,5; 5,6; 6,8; 6,7; 7,8
78: 1,2; 1,3; 1,4; 1,5; 2,5; 2,4; 2,6; 3,6; 3,7; 3,8; 4,8; 4,6; 4,5; 6,8; 6,7; 7,8
79: 1,2; 1,3; 1,4; 1,5; 2,5; 2,4; 2,6; 3,6; 3,7; 3,8; 4,8; 4,5; 6,8; 6,7; 7,8
80: 1,2; 1,3; 1,4; 1,5; 1,6; 2,6; 2,7; 2,5; 2,8; 3,8; 3,4; 4,8; 4,5; 5,8; 5,7; 5,6; 6,7
81: 1,2; 1,3; 1,4; 1,5; 2,5; 2,6; 2,7; 3,8; 3,4; 4,8; 4,5; 5,8; 5,7; 5,6; 6,7; 7,8
82: 1,2; 1,3; 1,4; 1,5; 2,5; 2,6; 2,7; 3,7; 3,8; 3,4; 4,8; 4,7; 4,6; 5,6; 6,7; 7,8
83: 1,2; 1,3; 1,4; 1,5; 2,6; 2,7; 2,3; 3,7; 3,8; 4,8; 4,5; 5,8; 5,6; 6,8; 6,7
84: 1,2; 1,3; 1,4; 1,5; 1,6; 2,6; 2,7; 2,3; 3,7; 3,8; 4,8; 4,5; 5,8; 5,6; 6,8; 6,7
85: 1,2; 1,3; 1,4; 1,5; 1,6; 2,6; 2,5; 2,7; 3,7; 3,8; 3,4; 4,8; 4,7; 4,5; 5,7; 5,6; 7,8
86: 1,2; 1,3; 1,4; 1,5; 1,6; 1,7; 1,8; 2,8; 2,7; 2,4; 2,3; 3,4; 4,7; 4,6; 4,5; 5,6; 6,7; 7,8
87: 1,2; 1,3; 1,4; 1,5; 1,6; 1,7; 2,7; 2,8; 3,8; 3,4; 4,8; 4,7; 4,6; 4,5; 5,6; 6,7; 7,8
88: 1,2; 1,3; 1,4; 1,5; 1,6; 2,7; 2,8; 3,8; 3,4; 4,8; 4,5; 5,8; 5,7; 5,6; 6,7; 7,8
89: 1,2; 1,3; 1,4; 1,5; 1,6; 2,6; 2,7; 3,7; 3,6; 3,8; 3,4; 4,8; 5,8; 5,6; 6,8; 6,7
90: 1,2; 1,3; 1,4; 1,5; 1,6; 2,6; 2,7; 3,7; 3,8; 3,4; 4,8; 5,8; 5,6; 6,8; 6,7
91: 1,2; 1,3; 1,4; 1,5; 2,6; 2,7; 3,7; 3,4; 4,7; 4,8; 4,5; 5,8; 6,8; 6,7
92: 1,2; 1,3; 1,4; 1,5; 2,6; 2,7; 3,7; 3,4; 4,7; 4,6; 4,8; 4,5; 5,8; 6,8; 6,7
93: 1,2; 1,3; 1,4; 1,5; 1,6; 2,6; 2,5; 2,7; 3,7; 3,8; 4,8; 4,5; 5,8; 5,7; 5,6; 7,8
94: 1,2; 1,3; 1,4; 1,5; 1,6; 2,6; 2,7; 3,7; 3,8; 4,8; 4,5; 5,8; 5,7; 5,6; 7,8
95: 1,2; 1,3; 1,4; 1,5; 2,6; 2,7; 3,7; 3,4; 4,7; 4,8; 5,8; 5,6; 6,8; 6,7; 7,8
96: 1,2; 1,3; 1,4; 1,5; 2,6; 2,7; 3,7; 3,4; 4,8; 5,8; 5,6; 6,8; 6,7; 7,8
97: 1,2; 1,3; 1,4; 1,5; 1,6; 1,7; 2,7; 2,8; 3,8; 3,4; 4,8; 4,5; 5,8; 5,7; 5,6; 6,7; 7,8
98: 1,2; 1,3; 1,4; 1,5; 1,6; 2,7; 2,8; 3,8; 3,7; 3,5; 3,4; 4,5; 5,7; 5,6; 6,7; 7,8
99: 1,2; 1,3; 1,4; 1,5; 2,6; 2,3; 3,6; 3,7; 3,4; 4,7; 5,7; 5,8; 6,8; 6,7; 7,8
100: 1,2; 1,3; 1,4; 1,5; 1,6; 2,6; 2,7; 2,8; 3,8; 3,4; 4,8; 4,7; 4,5; 5,7; 6,7; 7,8
101: 1,2; 1,3; 1,4; 1,5; 1,6; 1,7; 2,7; 2,8; 3,8; 3,7; 3,5; 3,4; 4,5; 5,7; 5,6; 6,7; 7,8
102: 1,2; 1,3; 1,4; 1,5; 1,6; 2,7; 2,3; 3,7; 3,5; 3,4; 4,5; 5,7; 5,8; 5,6; 6,8; 7,8
103: 1,2; 1,3; 1,4; 1,5; 1,6; 1,7; 2,7; 2,6; 2,8; 3,8; 3,4; 4,8; 4,6; 4,5; 5,6; 6,8; 6,7
104: 1,2; 1,3; 1,4; 1,5; 1,6; 1,7; 1,8; 2,8; 2,3; 3,8; 3,4; 4,8; 4,6; 4,5; 5,6; 6,7; 7,8
105: 1,2; 1,3; 1,4; 1,5; 1,6; 1,7; 2,7; 2,8; 3,8; 3,4; 4,7; 4,6; 4,5; 5,6; 6,7; 7,8
106: 1,2; 1,3; 1,4; 1,5; 1,6; 1,7; 2,7; 2,8; 3,8; 3,4; 4,6; 4,5; 5,6; 6,7; 7,8
107: 1,2; 1,3; 1,4; 1,5; 1,6; 2,6; 2,5; 2,7; 3,7; 3,8; 4,8; 4,5; 5,7; 5,6; 7,8
108: 1,2; 1,3; 1,4; 1,5; 1,6; 2,6; 2,5; 2,7; 3,7; 3,8; 4,8; 4,5; 5,6; 7,8
109: 1,2; 1,3; 1,4; 1,5; 1,6; 1,7; 2,7; 2,8; 3,8; 3,4; 4,8; 4,5; 5,8; 5,7; 5,6; 6,7
110: 1,2; 1,3; 1,4; 1,5; 1,6; 2,7; 2,8; 3,8; 3,7; 3,5; 3,4; 4,5; 5,6; 6,7; 7,8
111: 1,2; 1,3; 1,4; 1,5; 2,6; 2,3; 3,6; 3,4; 4,7; 5,7; 5,8; 6,8; 6,7; 7,8
112: 1,2; 1,3; 1,4; 1,5; 1,6; 2,6; 2,7; 2,8; 3,8; 3,4; 4,8; 4,5; 5,7; 6,7; 7,8
113: 1,2; 1,3; 1,4; 1,5; 1,6; 1,7; 2,7; 2,8; 3,8; 3,7; 3,5; 3,4; 4,5; 5,6; 6,7; 7,8
114: 1,2; 1,3; 1,4; 1,5; 1,6; 2,7; 2,3; 3,7; 3,4; 4,5; 5,7; 5,8; 5,6; 6,8; 7,8
115: 1,2; 1,3; 1,4; 1,5; 1,6; 1,7; 2,7; 2,6; 2,8; 3,8; 3,4; 4,8; 4,5; 5,6; 6,8; 6,7
116: 1,2; 1,3; 1,4; 1,5; 1,6; 1,7; 2,7; 2,3; 3,7; 3,8; 4,8; 4,5; 5,8; 5,6; 6,7
117: 1,2; 1,3; 1,4; 1,5; 1,6; 2,6; 2,7; 3,8; 3,4; 4,8; 4,5; 5,6; 6,7; 7,8
118: 1,2; 1,3; 1,4; 1,5; 1,6; 1,7; 1,8; 2,8; 2,3; 3,8; 3,4; 4,6; 4,5; 5,6; 6,7; 7,8
119: 1,2; 1,3; 1,4; 1,5; 1,6; 1,7; 1,8; 2,8; 2,3; 3,8; 3,4; 4,6; 4,5; 5,6; 6,8; 6,7; 7,8
120: 1,2; 1,3; 1,4; 1,5; 1,6; 1,7; 2,7; 2,8; 3,8; 3,4; 4,8; 4,6; 4,5; 5,6; 6,7; 7,8
121: 1,2; 1,3; 1,4; 1,5; 1,6; 2,7; 2,8; 3,8; 3,4; 4,8; 4,5; 5,7; 5,6; 6,7; 7,8
122: 1,2; 1,3; 1,4; 1,5; 1,6; 2,6; 2,5; 2,7; 3,7; 3,8; 4,8; 4,5; 5,8; 5,6; 7,8
123: 1,2; 1,3; 1,4; 1,5; 1,6; 1,7; 2,7; 2,8; 3,8; 3,5; 3,4; 4,5; 5,7; 5,6; 6,7; 7,8
124: 1,2; 1,3; 1,4; 1,5; 1,6; 2,7; 2,3; 3,7; 3,5; 3,4; 4,5; 5,8; 5,6; 6,8; 7,8
125: 1,2; 1,3; 1,4; 1,5; 1,6; 1,7; 1,8; 2,8; 2,3; 3,8; 3,5; 3,4; 4,5; 5,8; 5,6; 6,7; 7,8
126: 1,2; 1,3; 1,4; 1,5; 1,6; 1,7; 2,7; 2,8; 3,8; 3,4; 4,8; 4,7; 4,5; 5,6; 6,7; 7,8
127: 1,2; 1,3; 1,4; 1,5; 1,6; 1,7; 2,7; 2,8; 3,8; 3,4; 4,8; 4,5; 5,6; 6,7; 7,8
128: 1,2; 1,3; 1,4; 1,5; 1,6; 1,7; 2,7; 2,8; 3,8; 3,4; 4,5; 5,8; 5,7; 5,6; 6,7; 7,8
129: 1,2; 1,3; 1,4; 1,5; 1,6; 2,6; 2,7; 3,7; 3,4; 4,7; 4,8; 4,5; 5,8; 6,8; 7,8
130: 1,2; 1,3; 1,4; 1,5; 1,6; 1,7; 2,7; 2,6; 2,3; 3,6; 3,8; 3,5; 3,4; 4,5; 5,8; 5,6; 6,8; 6,7
131: 1,2; 1,3; 1,4; 1,5; 1,6; 2,6; 2,5; 2,7; 3,7; 3,4; 4,7; 4,8; 4,5; 5,8; 5,7; 5,6; 7,8
132: 1,2; 1,3; 1,4; 1,5; 2,5; 2,6; 2,7; 2,8; 3,8; 3,4; 4,8; 4,6; 5,6; 6,8; 6,7; 7,8
133: 1,2; 1,3; 1,4; 1,5; 1,6; 2,6; 2,7; 2,8; 3,8; 3,7; 3,5; 3,4; 4,5; 5,7; 6,7; 7,8
134: 1,2; 1,3; 1,4; 1,5; 1,6; 2,6; 2,7; 2,8; 2,3; 3,8; 3,5; 3,4; 4,5; 5,7; 6,7; 7,8
135: 1,2; 1,3; 1,4; 1,5; 1,6; 2,6; 2,5; 2,7; 2,8; 3,8; 3,4; 4,8; 4,5; 5,8; 5,7; 5,6; 7,8
136: 1,2; 1,3; 1,4; 1,5; 1,6; 1,7; 2,7; 2,8; 2,3; 3,8; 3,6; 3,5; 3,4; 4,5; 5,6; 6,8; 6,7
137: 1,2; 1,3; 1,4; 1,5; 1,6; 2,6; 2,5; 2,7; 3,7; 3,4; 4,8; 4,5; 5,8; 5,7; 5,6; 7,8
138: 1,2; 1,3; 1,4; 1,5; 1,6; 2,6; 2,3; 3,6; 3,7; 4,7; 4,5; 5,8; 5,6; 6,8; 7,8
139: 1,2; 1,3; 1,4; 1,5; 2,5; 2,6; 3,7; 3,4; 4,8; 4,5; 5,8; 5,6; 6,7; 7,8
140: 1,2; 1,3; 1,4; 1,5; 2,5; 2,6; 2,7; 3,7; 3,4; 4,7; 4,8; 5,8; 6,8; 6,7
141: 1,2; 1,3; 1,4; 1,5; 2,5; 2,6; 2,7; 3,7; 3,4; 4,7; 4,8; 5,8; 6,8; 6,7; 7,8
142: 1,2; 1,3; 1,4; 1,5; 1,6; 2,6; 2,7; 2,3; 3,7; 3,8; 3,4; 4,5; 5,8; 6,8; 7,8
143: 1,2; 1,3; 1,4; 1,5; 2,5; 2,6; 2,7; 3,7; 3,4; 4,8; 5,8; 6,8; 6,7; 7,8
144: 1,2; 1,3; 1,4; 1,5; 2,5; 2,6; 2,7; 3,7; 3,4; 4,8; 5,8; 6,8; 6,7
145: 1,2; 1,3; 1,4; 1,5; 1,6; 2,6; 2,7; 2,8; 3,8; 3,4; 4,8; 4,5; 5,8; 5,7; 5,6; 7,8
146: 1,2; 1,3; 1,4; 1,5; 1,6; 1,7; 1,8; 2,8; 2,5; 2,3; 3,5; 3,4; 4,5; 5,8; 5,7; 5,6; 6,7; 7,8
147: 1,2; 1,3; 1,4; 1,5; 1,6; 1,7; 2,7; 2,5; 2,8; 3,8; 3,5; 3,4; 4,5; 5,8; 5,7; 5,6; 6,7
148: 1,2; 1,3; 1,4; 1,5; 1,6; 2,6; 2,7; 3,7; 3,4; 4,7; 4,5; 5,7; 5,8; 6,8; 6,7; 7,8
149: 1,2; 1,3; 1,4; 1,5; 1,6; 2,6; 2,3; 3,7; 3,8; 4,8; 4,7; 4,5; 5,7; 6,7; 7,8
150: 1,2; 1,3; 1,4; 1,5; 1,6; 2,6; 2,7; 2,3; 3,8; 4,8; 4,7; 4,5; 5,7; 6,7; 7,8
151: 1,2; 1,3; 1,4; 1,5; 2,6; 2,7; 3,7; 3,4; 4,7; 4,5; 5,8; 6,8; 6,7; 7,8
152: 1,2; 1,3; 1,4; 1,5; 2,6; 2,7; 3,7; 3,4; 4,5; 5,8; 6,8; 6,7; 7,8
153: 1,2; 1,3; 1,4; 1,5; 1,6; 2,6; 2,7; 3,7; 3,6; 3,8; 4,8; 4,6; 4,5; 5,6; 6,8; 6,7
154: 1,2; 1,3; 1,4; 1,5; 2,5; 2,6; 3,6; 3,7; 4,7; 4,6; 4,8; 5,8; 5,6; 6,8; 6,7
155: 1,2; 1,3; 1,4; 1,5; 1,6; 2,6; 2,3; 3,7; 3,5; 3,8; 3,4; 4,8; 5,8; 5,7; 6,7
156: 1,2; 1,3; 1,4; 1,5; 2,5; 2,6; 3,6; 3,7; 4,7; 4,6; 4,8; 5,8; 6,8; 6,7
157: 1,2; 1,3; 1,4; 1,5; 1,6; 2,6; 2,3; 3,7; 3,8; 3,4; 4,8; 5,8; 5,7; 6,7
158: 1,2; 1,3; 1,4; 1,5; 2,5; 2,6; 3,6; 3,7; 4,7; 4,8; 5,8; 6,8; 6,7
159: 1,2; 1,3; 1,4; 1,5; 1,6; 2,6; 2,3; 3,6; 3,7; 3,8; 3,4; 4,8; 5,8; 5,7; 6,7
160: 1,2; 1,3; 1,4; 1,5; 2,5; 2,6; 3,6; 3,7; 4,7; 4,8; 5,8; 5,6; 6,8; 6,7
161: 1,2; 1,3; 1,4; 1,5; 1,6; 2,6; 2,5; 2,7; 3,8; 3,5; 3,4; 4,5; 5,8; 5,7; 5,6; 7,8
162: 1,2; 1,3; 1,4; 1,5; 1,6; 1,7; 2,7; 2,3; 3,6; 3,8; 4,8; 4,6; 4,5; 5,6; 6,8; 6,7
163: 1,2; 1,3; 1,4; 1,5; 1,6; 1,7; 2,7; 2,6; 2,3; 3,8; 4,8; 4,6; 4,5; 5,6; 6,8; 6,7
164: 1,2; 1,3; 1,4; 1,5; 1,6; 2,7; 2,3; 3,7; 3,8; 3,5; 3,4; 4,5; 5,6; 6,8; 7,8
165: 1,2; 1,3; 1,4; 1,5; 1,6; 2,7; 2,3; 3,7; 3,8; 3,4; 4,5; 5,6; 6,8; 7,8
166: 1,2; 1,3; 1,4; 1,5; 1,6; 1,7; 2,7; 2,4; 2,8; 3,8; 3,4; 4,8; 4,7; 4,6; 4,5; 5,6; 6,7
167: 1,2; 1,3; 1,4; 1,5; 1,6; 2,6; 2,4; 2,7; 3,8; 3,4; 4,8; 4,7; 4,6; 4,5; 5,6; 7,8
168: 1,2; 1,3; 1,4; 1,5; 2,5; 2,4; 2,6; 3,7; 3,4; 4,7; 4,8; 4,6; 4,5; 6,8; 7,8
169: 1,2; 1,3; 1,4; 2,4; 2,5; 3,6; 3,4; 4,6; 4,7; 4,8; 4,5; 5,8; 6,7; 7,8
170: 1,2; 1,3; 1,4; 1,5; 1,6; 2,7; 2,8; 3,8; 3,4; 4,8; 4,5; 5,8; 5,6; 6,8; 6,7; 7,8
171: 1,2; 1,3; 1,4; 1,5; 2,5; 2,6; 2,7; 3,8; 3,6; 4,6; 4,5; 5,6; 6,8; 6,7; 7,8
172: 1,2; 1,3; 1,4; 1,5; 1,6; 2,6; 2,7; 2,3; 3,7; 3,8; 4,8; 4,7; 5,7; 5,6; 7,8
173: 1,2; 1,3; 1,4; 1,5; 2,5; 2,6; 2,7; 3,8; 3,6; 4,6; 4,5; 6,8; 6,7; 7,8
174: 1,2; 1,3; 1,4; 1,5; 1,6; 2,6; 2,7; 2,3; 3,7; 3,4; 4,8; 5,8; 5,7; 6,7; 7,8
175: 1,2; 1,3; 1,4; 1,5; 1,6; 2,6; 2,7; 2,3; 3,4; 4,8; 5,8; 5,7; 6,7; 7,8
176: 1,2; 1,3; 1,4; 1,5; 1,6; 2,6; 2,3; 3,4; 4,7; 5,7; 5,8; 6,8; 7,8
177: 1,2; 1,3; 1,4; 1,5; 1,6; 2,6; 2,7; 3,7; 3,6; 3,4; 4,6; 4,8; 5,8; 5,6; 6,8; 6,7
178: 1,2; 1,3; 1,4; 1,5; 2,6; 2,4; 2,7; 3,8; 3,4; 4,8; 4,7; 4,6; 4,5; 5,6; 7,8
179: 1,2; 1,3; 1,4; 1,5; 2,6; 2,7; 3,7; 3,8; 4,8; 4,7; 4,5; 5,7; 5,6; 6,7; 7,8
180: 1,2; 1,3; 1,4; 1,5; 2,6; 2,7; 3,7; 3,8; 4,8; 4,7; 4,5; 5,6; 6,7; 7,8
181: 1,2; 1,3; 1,4; 1,5; 2,6; 2,7; 3,7; 3,8; 4,8; 4,5; 5,6; 6,7; 7,8
182: 1,2; 1,3; 1,4; 2,5; 2,6; 3,6; 3,7; 4,7; 4,8; 5,8; 5,7; 6,7; 7,8
183: 1,2; 1,3; 1,4; 1,5; 1,6; 2,6; 2,4; 2,7; 3,7; 3,4; 4,7; 4,8; 4,5; 5,8; 6,8
184: 1,2; 1,3; 1,4; 1,5; 2,6; 2,7; 3,8; 3,4; 4,8; 4,7; 4,6; 4,5; 5,6; 7,8
185: 1,2; 1,3; 1,4; 1,5; 1,6; 2,7; 2,3; 3,8; 4,8; 4,5; 5,8; 5,7; 5,6; 6,7
186: 1,2; 1,3; 1,4; 1,5; 1,6; 1,7; 2,7; 2,3; 3,6; 3,4; 4,6; 4,8; 5,8; 5,6; 6,8; 6,7
187: 1,2; 1,3; 1,4; 1,5; 1,6; 2,6; 2,4; 2,7; 3,8; 3,4; 4,8; 4,7; 4,5; 5,6; 7,8
188: 1,2; 1,3; 1,4; 1,5; 1,6; 1,7; 2,7; 2,6; 2,3; 3,6; 3,4; 4,8; 5,8; 5,6; 6,8; 6,7
189: 1,2; 1,3; 1,4; 1,5; 1,6; 1,7; 2,7; 2,6; 2,3; 3,4; 4,8; 5,8; 5,6; 6,8; 6,7
190: 1,2; 1,3; 1,4; 1,5; 1,6; 1,7; 2,7; 2,3; 3,4; 4,8; 5,8; 5,6; 6,8; 6,7
191: 1,2; 1,3; 1,4; 1,5; 1,6; 1,7; 2,7; 2,8; 3,8; 3,4; 4,8; 4,5; 5,8; 5,6; 6,8; 6,7; 7,8
192: 1,2; 1,3; 1,4; 1,5; 1,6; 1,7; 2,7; 2,8; 2,3; 3,8; 3,4; 4,8; 4,5; 5,8; 5,6; 6,8; 6,7; 7,8
193: 1,2; 1,3; 1,4; 1,5; 1,6; 2,6; 2,7; 2,8; 3,8; 3,7; 3,4; 4,7; 4,5; 5,7; 5,6; 6,7; 7,8
194: 1,2; 1,3; 1,4; 1,5; 1,6; 2,6; 2,7; 2,3; 3,4; 4,7; 4,5; 5,7; 5,8; 6,8; 6,7; 7,8
195: 1,2; 1,3; 1,4; 1,5; 1,6; 2,6; 2,3; 3,7; 3,4; 4,7; 4,5; 5,7; 5,8; 6,8; 6,7; 7,8
196: 1,2; 1,3; 1,4; 1,5; 1,6; 2,6; 2,7; 2,3; 3,7; 3,8; 4,8; 4,5; 5,7; 5,6; 6,7; 7,8
197: 1,2; 1,3; 1,4; 1,5; 2,5; 2,6; 2,7; 3,8; 3,4; 4,6; 4,5; 5,6; 6,8; 6,7; 7,8
198: 1,2; 1,3; 1,4; 1,5; 2,5; 2,6; 2,7; 3,8; 3,4; 4,5; 5,6; 6,8; 6,7; 7,8
199: 1,2; 1,3; 1,4; 1,5; 1,6; 1,7; 2,7; 2,6; 2,8; 2,4; 2,3; 3,4; 4,8; 4,6; 4,5; 5,6; 6,8; 6,7
200: 1,2; 1,3; 1,4; 1,5; 1,6; 2,6; 2,7; 3,7; 3,4; 4,7; 4,8; 4,6; 4,5; 5,6; 6,8; 6,7; 7,8
201: 1,2; 1,3; 1,4; 1,5; 1,6; 2,6; 2,7; 3,7; 3,4; 4,7; 4,8; 4,6; 4,5; 5,6; 6,8; 7,8
202: 1,2; 1,3; 1,4; 1,5; 1,6; 2,6; 2,7; 3,7; 3,4; 4,7; 4,8; 4,5; 5,6; 6,8; 7,8
203: 1,2; 1,3; 1,4; 1,5; 2,6; 2,7; 3,7; 3,4; 4,8; 4,5; 5,6; 6,8; 6,7; 7,8
204: 1,2; 1,3; 1,4; 1,5; 2,5; 2,6; 3,6; 3,7; 4,7; 4,5; 5,7; 5,8; 5,6; 6,8; 7,8
205: 1,2; 1,3; 1,4; 1,5; 2,5; 2,6; 3,6; 3,7; 4,7; 4,5; 5,7; 5,8; 6,8; 7,8
206: 1,2; 1,3; 1,4; 1,5; 2,5; 2,6; 3,6; 3,7; 4,7; 4,5; 5,8; 6,8; 7,8
207: 1,2; 1,3; 1,4; 2,5; 2,6; 3,6; 3,7; 4,7; 4,5; 5,8; 6,8; 7,8
208: 1,2; 1,3; 1,4; 1,5; 1,6; 2,7; 2,3; 3,8; 3,5; 3,4; 4,5; 5,8; 5,6; 6,7; 7,8
209: 1,2; 1,3; 1,4; 1,5; 1,6; 2,7; 2,3; 3,7; 3,8; 3,4; 4,5; 5,8; 5,7; 5,6; 6,7; 7,8
210: 1,2; 1,3; 1,4; 1,5; 1,6; 1,7; 2,7; 2,8; 2,4; 2,3; 3,4; 4,8; 4,5; 5,8; 5,6; 6,8; 6,7; 7,8
211: 1,2; 1,3; 1,4; 1,5; 1,6; 2,6; 2,7; 2,8; 3,8; 3,4; 4,8; 4,7; 4,5; 5,7; 5,6; 6,7; 7,8
212: 1,2; 1,3; 1,4; 1,5; 2,6; 2,7; 3,7; 3,8; 3,4; 4,8; 4,5; 5,8; 5,6; 6,8; 6,7; 7,8
213: 1,2; 1,3; 1,4; 1,5; 2,5; 2,6; 2,7; 3,8; 3,4; 4,8; 4,6; 4,5; 5,6; 6,8; 6,7; 7,8
214: 1,2; 1,3; 1,4; 1,5; 1,6; 2,6; 2,7; 2,8; 3,8; 3,7; 3,4; 4,7; 4,6; 4,5; 5,6; 6,7; 7,8
215: 1,2; 1,3; 1,4; 1,5; 2,6; 2,7; 2,8; 3,8; 3,4; 4,8; 4,7; 4,5; 5,7; 5,6; 6,7; 7,8
216: 1,2; 1,3; 1,4; 1,5; 2,5; 2,6; 2,7; 2,8; 2,3; 3,8; 3,4; 4,8; 4,5; 5,8; 5,6; 6,8; 6,7; 7,8
217: 1,2; 1,3; 1,4; 1,5; 2,5; 2,6; 2,7; 3,7; 3,8; 3,6; 3,4; 4,6; 4,5; 5,6; 6,8; 6,7; 7,8
218: 1,2; 1,3; 1,4; 1,5; 2,5; 2,6; 2,3; 3,6; 3,4; 4,6; 4,7; 5,7; 5,8; 6,8; 6,7; 7,8
219: 1,2; 1,3; 1,4; 1,5; 2,5; 2,3; 3,6; 3,4; 4,6; 4,7; 5,7; 5,8; 6,8; 6,7; 7,8
220: 1,2; 1,3; 1,4; 1,5; 2,5; 2,6; 2,3; 3,6; 3,4; 4,7; 5,7; 5,8; 5,6; 6,8; 6,7; 7,8
221: 1,2; 1,3; 1,4; 1,5; 2,5; 2,6; 2,3; 3,6; 3,4; 4,6; 4,7; 4,5; 5,8; 5,6; 6,8; 6,7; 7,8
222: 1,2; 1,3; 1,4; 1,5; 2,5; 2,6; 2,3; 3,6; 3,4; 4,6; 4,7; 5,8; 5,6; 6,8; 6,7; 7,8
223: 1,2; 1,3; 1,4; 1,5; 2,5; 2,6; 2,3; 3,6; 3,4; 4,6; 4,7; 4,5; 5,8; 6,8; 6,7; 7,8
224: 1,2; 1,3; 1,4; 1,5; 2,5; 2,3; 3,6; 3,4; 4,6; 4,7; 4,5; 5,8; 6,8; 6,7; 7,8
225: 1,2; 1,3; 1,4; 1,5; 2,5; 2,6; 2,3; 3,6; 3,4; 4,7; 4,5; 5,8; 6,8; 6,7; 7,8
226: 1,2; 1,3; 1,4; 1,5; 2,5; 2,6; 2,3; 3,6; 3,4; 4,6; 4,7; 4,5; 5,7; 5,8; 6,8; 6,7; 7,8
227: 1,2; 1,3; 1,4; 1,5; 2,5; 2,6; 2,3; 3,6; 3,7; 3,4; 4,7; 4,6; 4,8; 4,5; 5,8; 5,6; 6,8; 6,7
228: 1,2; 1,3; 1,4; 1,5; 2,5; 2,6; 2,3; 3,6; 3,7; 3,8; 3,4; 4,8; 4,7; 4,5; 5,7; 6,7; 7,8
229: 1,2; 1,3; 1,4; 1,5; 2,5; 2,6; 2,3; 3,6; 3,7; 3,4; 4,7; 4,8; 4,5; 5,8; 6,8; 7,8
230: 1,2; 1,3; 1,4; 1,5; 2,5; 2,6; 2,3; 3,6; 3,7; 4,7; 4,8; 4,5; 5,8; 6,8; 7,8
231: 1,2; 1,3; 1,4; 1,5; 2,5; 2,6; 3,6; 3,7; 3,4; 4,7; 4,8; 4,5; 5,8; 6,8; 7,8
232: 1,2; 1,3; 1,4; 1,5; 2,6; 2,7; 2,8; 2,3; 3,8; 3,7; 3,4; 4,7; 4,5; 5,6; 6,7; 7,8
233: 1,2; 1,3; 1,4; 1,5; 2,5; 2,6; 2,7; 2,8; 2,3; 3,8; 3,4; 4,7; 4,5; 5,6; 6,7; 7,8
234: 1,2; 1,3; 1,4; 2,4; 2,5; 2,6; 3,6; 3,7; 3,4; 4,8; 5,8; 5,6; 6,8; 6,7; 7,8
235: 1,2; 1,3; 1,4; 1,5; 2,5; 2,6; 2,3; 3,6; 3,7; 3,4; 4,7; 4,5; 5,8; 6,8; 7,8
236: 1,2; 1,3; 1,4; 1,5; 2,5; 2,6; 2,3; 3,6; 3,7; 4,7; 4,5; 5,8; 6,8; 7,8
237: 1,2; 1,3; 1,4; 1,5; 2,5; 2,6; 3,6; 3,7; 3,8; 3,4; 4,8; 4,5; 5,7; 6,7; 7,8
238: 1,2; 1,3; 1,4; 2,5; 2,6; 2,3; 3,7; 3,4; 4,8; 5,8; 5,7; 5,6; 6,7; 7,8
239: 1,2; 1,3; 1,4; 2,5; 2,3; 3,6; 3,4; 4,7; 5,8; 5,6; 6,8; 6,7; 7,8
240: 1,2; 1,3; 1,4; 1,5; 2,6; 2,3; 3,7; 3,4; 4,8; 5,8; 5,7; 5,6; 6,7; 7,8
241: 1,2; 1,3; 1,4; 1,5; 2,6; 2,7; 2,3; 3,7; 3,4; 4,8; 4,5; 5,8; 5,7; 5,6; 6,7; 7,8
242: 1,2; 1,3; 1,4; 1,5; 2,5; 2,6; 2,7; 2,3; 3,7; 3,8; 3,4; 4,8; 4,6; 4,5; 5,6; 6,8; 6,7
243: 1,2; 1,3; 1,4; 1,5; 2,5; 2,6; 2,7; 2,3; 3,7; 3,8; 3,4; 4,8; 4,7; 4,5; 5,7; 5,6; 6,7; 7,8
244: 1,2; 1,3; 1,4; 1,5; 2,6; 2,7; 2,3; 3,7; 3,8; 3,4; 4,8; 4,7; 4,5; 5,7; 5,6; 6,7; 7,8
245: 1,2; 1,3; 1,4; 1,5; 2,6; 2,7; 2,3; 3,8; 3,4; 4,8; 4,7; 4,5; 5,7; 5,6; 6,7; 7,8
246: 1,2; 1,3; 1,4; 1,5; 2,6; 2,7; 2,3; 3,8; 3,4; 4,8; 4,5; 5,7; 5,6; 6,7; 7,8
247: 1,2; 1,3; 1,4; 1,5; 2,6; 2,3; 3,7; 3,8; 3,4; 4,8; 4,7; 4,5; 5,7; 5,6; 6,7; 7,8
248: 1,2; 1,3; 1,4; 1,5; 2,6; 2,3; 3,7; 3,4; 4,7; 4,8; 4,5; 5,8; 5,6; 6,8; 7,8
249: 1,2; 1,3; 1,4; 1,5; 2,6; 2,7; 2,3; 3,7; 3,8; 4,8; 4,7; 4,5; 5,7; 5,6; 6,7; 7,8
250: 1,2; 1,3; 1,4; 1,5; 2,6; 2,7; 2,3; 3,8; 4,8; 4,7; 4,5; 5,7; 5,6; 6,7; 7,8
251: 1,2; 1,3; 1,4; 1,5; 2,6; 2,3; 3,7; 4,7; 4,8; 4,5; 5,8; 5,6; 6,8; 7,8
252: 1,2; 1,3; 1,4; 1,5; 2,6; 2,7; 2,3; 3,8; 4,8; 4,7; 4,5; 5,6; 6,7; 7,8
253: 1,2; 1,3; 1,4; 1,5; 2,5; 2,6; 2,7; 2,3; 3,7; 3,6; 3,4; 4,6; 4,8; 4,5; 5,8; 6,8; 6,7
254: 1,2; 1,3; 1,4; 1,5; 1,6; 2,6; 2,7; 2,8; 2,3; 3,8; 3,7; 3,4; 4,7; 4,6; 4,5; 5,6; 6,7; 7,8
255: 1,2; 1,3; 1,4; 1,5; 2,5; 2,6; 2,7; 2,3; 3,7; 3,8; 3,4; 4,8; 4,6; 4,5; 5,6; 6,8; 6,7; 7,8
256: 1,2; 1,3; 1,4; 1,5; 2,5; 2,6; 2,3; 3,6; 3,7; 3,4; 4,7; 4,8; 4,5; 5,8; 6,8; 6,7; 7,8
257: 1,2; 1,3; 1,4; 1,5; 2,5; 2,6; 2,3; 3,6; 3,7; 4,7; 4,8; 4,5; 5,8; 6,8; 6,7; 7,8
