1: 1,2; 1,3; 1,4; 1,5; 1,6; 1,7; 2,7; 2,6; 2,3; 3,6; 3,5; 3,4; 4,5; 5,6; 6,7
2: 1,2; 1,3; 1,4; 1,5; 1,6; 2,6; 2,7; 3,7; 3,6; 3,5; 3,4; 4,5; 5,6; 6,7
3: 1,2; 1,3; 1,4; 1,5; 2,6; 2,3; 3,6; 3,4; 4,6; 4,7; 4,5; 5,7; 6,7
4: 1,2; 1,3; 1,4; 1,5; 1,6; 2,6; 2,5; 2,7; 3,7; 3,4; 4,7; 4,5; 5,7; 5,6
5: 1,2; 1,3; 1,4; 1,5; 2,5; 2,6; 2,7; 3,7; 3,4; 4,7; 4,6; 5,6; 6,7
6: 1,2; 1,3; 1,4; 1,5; 1,6; 1,7; 2,7; 2,6; 2,3; 3,5; 3,4; 4,5; 5,6; 6,7
7: 1,2; 1,3; 1,4; 1,5; 1,6; 2,6; 2,7; 3,7; 3,5; 3,4; 4,5; 5,6; 6,7
8: 1,2; 1,3; 1,4; 1,5; 2,6; 2,3; 3,6; 3,4; 4,7; 4,5; 5,7; 6,7
9: 1,2; 1,3; 1,4; 1,5; 2,5; 2,4; 2,6; 3,6; 3,7; 4,7; 4,5; 6,7
10: 1,2; 1,3; 1,4; 1,5; 1,6; 1,7; 2,7; 2,4; 2,3; 3,4; 4,7; 4,6; 4,5; 5,6; 6,7
11: 1,2; 1,3; 1,4; 1,5; 1,6; 2,6; 2,4; 2,7; 3,7; 3,4; 4,7; 4,6; 4,5; 5,6
12: 1,2; 1,3; 1,4; 1,5; 2,6; 2,7; 3,7; 3,4; 4,7; 4,5; 5,7; 5,6; 6,7
13: 1,2; 1,3; 1,4; 1,5; 2,6; 2,7; 3,7; 3,4; 4,7; 4,5; 5,6; 6,7
14: 1,2; 1,3; 1,4; 1,5; 2,6; 2,7; 3,7; 3,4; 4,5; 5,6; 6,7
15: 1,2; 1,3; 1,4; 1,5; 2,6; 2,7; 3,7; 3,4; 4,5; 5,7; 5,6; 6,7
16: 1,2; 1,3; 1,4; 1,5; 2,5; 2,6; 3,6; 3,5; 3,7; 4,7; 4,5; 5,7; 5,6
17: 1,2; 1,3; 1,4; 2,5; 2,6; 3,6; 3,7; 4,7; 4,6; 4,5; 5,6; 6,7
18: 1,2; 1,3; 1,4; 2,5; 2,6; 3,6; 3,7; 4,7; 4,5; 5,6; 6,7
19: 1,2; 1,3; 1,4; 1,5; 2,5; 2,4; 2,6; 3,7; 3,4; 4,7; 4,6; 4,5; 6,7
20: 1,2; 1,3; 1,4; 2,4; 2,5; 3,6; 3,4; 4,6; 4,7; 4,5; 5,7; 6,7
21: 1,2; 1,3; 1,4; 1,5; 1,6; 2,6; 2,3; 3,4; 4,6; 4,7; 5,7; 5,6; 6,7
22: 1,2; 1,3; 1,4; 1,5; 1,6; 2,6; 2,5; 2,3; 3,7; 4,7; 4,5; 5,7; 5,6
23: 1,2; 1,3; 1,4; 1,5; 1,6; 2,6; 2,3; 3,7; 4,7; 4,5; 5,7; 5,6
24: 1,2; 1,3; 1,4; 1,5; 1,6; 2,6; 2,7; 3,7; 3,4; 4,7; 4,5; 5,7; 5,6; 6,7
25: 1,2; 1,3; 1,4; 1,5; 1,6; 2,6; 2,5; 2,7; 3,7; 3,5; 3,4; 4,5; 5,7; 5,6
26: 1,2; 1,3; 1,4; 1,5; 2,5; 2,6; 3,6; 3,4; 4,6; 4,7; 5,7; 5,6; 6,7
27: 1,2; 1,3; 1,4; 1,5; 1,6; 1,7; 2,7; 2,6; 2,4; 2,3; 3,4; 4,6; 4,5; 5,6; 6,7
28: 1,2; 1,3; 1,4; 1,5; 1,6; 2,6; 2,7; 3,7; 3,4; 4,7; 4,6; 4,5; 5,6; 6,7
29: 1,2; 1,3; 1,4; 1,5; 2,6; 2,7; 3,7; 3,4; 4,7; 4,6; 4,5; 5,6; 6,7
30: 1,2; 1,3; 1,4; 2,5; 2,6; 3,6; 3,7; 4,7; 4,5; 5,7; 5,6; 6,7
31: 1,2; 1,3; 1,4; 1,5; 1,6; 2,6; 2,7; 2,3; 3,7; 3,4; 4,7; 4,5; 5,7; 5,6; 6,7
32: 1,2; 1,3; 1,4; 1,5; 2,5; 2,6; 2,7; 2,3; 3,7; 3,4; 4,7; 4,5; 5,7; 5,6; 6,7
33: 1,2; 1,3; 1,4; 1,5; 2,6; 2,7; 2,3; 3,7; 3,4; 4,7; 4,5; 5,7; 5,6; 6,7
34: 1,2; 1,3; 1,4; 1,5; 2,6; 2,7; 2,3; 3,7; 3,4; 4,7; 4,5; 5,6; 6,7
