[33mCounting circles[0m
9%		283m 40.466474248998566s remaining
18%		142m 58.152757624000515s remaining
27%		94m 1.1302918660003343s remaining
36%		67m 50.68942785499985s remaining
45%		50m 41.4865982299998s remaining
55%		38m 1.4298817529997905s remaining
64%		27m 56.783170673000086s remaining
73%		19m 32.164966508999896s remaining
82%		12m 16.76071785099998s remaining
91%		5m 50.76222895799998s remaining

Took 61m 45.530500948999816s to count circles

[33mDone counting circles![0m
sample points:
[101000000.0, 102000000.0, 103000000.0, 104000000.0, 105000000.0, 106000000.0, 107000000.0, 108000000.0, 109000000.0, 110000000.0, 111000000.0, 112000000.0, 113000000.0, 114000000.0, 115000000.0, 116000000.0, 117000000.0, 118000000.0, 119000000.0, 120000000.0, 121000000.0, 122000000.0, 123000000.0, 124000000.0, 125000000.0, 126000000.0, 127000000.0, 128000000.0, 129000000.0, 130000000.0, 131000000.0, 132000000.0, 133000000.0, 134000000.0, 135000000.0, 136000000.0, 137000000.0, 138000000.0, 139000000.0, 140000000.0, 141000000.0, 142000000.0, 143000000.0, 144000000.0, 145000000.0, 146000000.0, 147000000.0, 148000000.0, 149000000.0, 150000000.0, 151000000.0, 152000000.0, 153000000.0, 154000000.0, 155000000.0, 156000000.0, 157000000.0, 158000000.0, 159000000.0, 160000000.0, 161000000.0, 162000000.0, 163000000.0, 164000000.0, 165000000.0, 166000000.0, 167000000.0, 168000000.0, 169000000.0, 170000000.0, 171000000.0, 172000000.0, 173000000.0, 174000000.0, 175000000.0, 176000000.0, 177000000.0, 178000000.0, 179000000.0, 180000000.0, 181000000.0, 182000000.0, 183000000.0, 184000000.0, 185000000.0, 186000000.0, 187000000.0, 188000000.0, 189000000.0, 190000000.0, 191000000.0, 192000000.0, 193000000.0, 194000000.0, 195000000.0, 196000000.0, 197000000.0, 198000000.0, 199000000.0, 200000000.0]

number of circles fewer than each of those sample points:
[1231101778, 1247309924, 1263570177, 1279882575, 1296242436, 1312656086, 1329119952, 1345633618, 1362199275, 1378818140, 1395482442, 1412190603, 1428946953, 1445755217, 1462617411, 1479521424, 1496478977, 1513486479, 1530534456, 1547627594, 1564771831, 1581961029, 1599192931, 1616479589, 1633799116, 1651177087, 1668595379, 1686059281, 1703569799, 1721123612, 1738721007, 1756362787, 1774043856, 1791779597, 1809549568, 1827368155, 1845223278, 1863128259, 1881065962, 1899051650, 1917079229, 1935156781, 1953275402, 1971425382, 1989625661, 2007856005, 2026134620, 2044455289, 2062812421, 2081206461, 2099642822, 2118126076, 2136644122, 2155206254, 2173802308, 2192441669, 2211118412, 2229833205, 2248590609, 2267382124, 2286214273, 2305084826, 2323991238, 2342947086, 2361935801, 2380953211, 2400011664, 2419112096, 2438246243, 2457415603, 2476626546, 2495868791, 2515146004, 2534467712, 2553823527, 2573216114, 2592637719, 2612097151, 2631601073, 2651124128, 2670695716, 2690295605, 2709928885, 2729610341, 2749315050, 2769067124, 2788841495, 2808654927, 2828500743, 2848384196, 2868297060, 2888256058, 2908248678, 2928271713, 2948326756, 2968414968, 2988531873, 3008690208, 3028874199, 3049097774]

[33mBuilt regression model![0m
Model info:
	r^2:		0.999999999683157
	p-value:	0
	intercept:	-3.535507887045778
	slope:	1.3275007876289726
Fractal dimension: 1.3275007876289726
