[33mCounting circles[0m
13%		175m 8.481105184999251s remaining
25%		89m 26.798432634000164s remaining
38%		57m 41.08471639800018s remaining
50%		39m 24.446287761999884s remaining
63%		26m 31.244314568999926s remaining
75%		16m 19.900654213000053s remaining
88%		7m 41.042992648999984s remaining

Took 58m 34.96788144899983s to count circles

[33mDone counting circles![0m
sample points:
[101000000.0, 102000000.0, 103000000.0, 104000000.0, 105000000.0, 106000000.0, 107000000.0, 108000000.0, 109000000.0, 110000000.0, 111000000.0, 112000000.0, 113000000.0, 114000000.0, 115000000.0, 116000000.0, 117000000.0, 118000000.0, 119000000.0, 120000000.0, 121000000.0, 122000000.0, 123000000.0, 124000000.0, 125000000.0, 126000000.0, 127000000.0, 128000000.0, 129000000.0, 130000000.0, 131000000.0, 132000000.0, 133000000.0, 134000000.0, 135000000.0, 136000000.0, 137000000.0, 138000000.0, 139000000.0, 140000000.0, 141000000.0, 142000000.0, 143000000.0, 144000000.0, 145000000.0, 146000000.0, 147000000.0, 148000000.0, 149000000.0, 150000000.0, 151000000.0, 152000000.0, 153000000.0, 154000000.0, 155000000.0, 156000000.0, 157000000.0, 158000000.0, 159000000.0, 160000000.0, 161000000.0, 162000000.0, 163000000.0, 164000000.0, 165000000.0, 166000000.0, 167000000.0, 168000000.0, 169000000.0, 170000000.0, 171000000.0, 172000000.0, 173000000.0, 174000000.0, 175000000.0, 176000000.0, 177000000.0, 178000000.0, 179000000.0, 180000000.0, 181000000.0, 182000000.0, 183000000.0, 184000000.0, 185000000.0, 186000000.0, 187000000.0, 188000000.0, 189000000.0, 190000000.0, 191000000.0, 192000000.0, 193000000.0, 194000000.0, 195000000.0, 196000000.0, 197000000.0, 198000000.0, 199000000.0, 200000000.0]

number of circles fewer than each of those sample points:
[1635695724, 1657358590, 1679096690, 1700903091, 1722779956, 1744722425, 1766734776, 1788817321, 1810975437, 1833189838, 1855487701, 1877839843, 1900272490, 1922760205, 1945319925, 1967935349, 1990626432, 2013382841, 2036205944, 2059084118, 2082026237, 2105035743, 2128104745, 2151245253, 2174445361, 2197701421, 2221029312, 2244406701, 2267854905, 2291362169, 2314926945, 2338553827, 2362244734, 2385992673, 2409794326, 2433664169, 2457592492, 2481575884, 2505616247, 2529724944, 2553879644, 2578098489, 2602376981, 2626707759, 2651098368, 2675545582, 2700040561, 2724594419, 2749204620, 2773873552, 2798598545, 2823381768, 2848210446, 2873101939, 2898043037, 2923038224, 2948085110, 2973180196, 2998331614, 3023543582, 3048812089, 3074131036, 3099500312, 3124914135, 3150379542, 3175902744, 3201469915, 3227092734, 3252768542, 3278499033, 3304275910, 3330108898, 3355986023, 3381916836, 3407901491, 3433929954, 3460011481, 3486147416, 3512328465, 3538552827, 3564831652, 3591154103, 3617527339, 3643955433, 3670432304, 3696949399, 3723517098, 3750128568, 3776785721, 3803498232, 3830261743, 3857060742, 3883908945, 3910800908, 3937750286, 3964746620, 3991783577, 4018868477, 4045997170, 4073171371]

[33mBuilt regression model![0m
Model info:
	r^2:		0.9999999999239123
	p-value:	0
	intercept:	-3.397100733555348
	slope:	1.335409372527209
Fractal dimension: 1.335409372527209
