[33mCounting circles[0m
14%		146m 12.220246188000601s remaining
29%		75m 38.222876361999624s remaining
43%		48m 11.092095406000226s remaining
57%		31m 30.908537614999887s remaining
71%		19m 9.71654753200005s remaining
86%		8m 57.93895759199995s remaining

Took 59m 41.11326937400008s to count circles

[33mDone counting circles![0m
sample points:
[101000000.0, 102000000.0, 103000000.0, 104000000.0, 105000000.0, 106000000.0, 107000000.0, 108000000.0, 109000000.0, 110000000.0, 111000000.0, 112000000.0, 113000000.0, 114000000.0, 115000000.0, 116000000.0, 117000000.0, 118000000.0, 119000000.0, 120000000.0, 121000000.0, 122000000.0, 123000000.0, 124000000.0, 125000000.0, 126000000.0, 127000000.0, 128000000.0, 129000000.0, 130000000.0, 131000000.0, 132000000.0, 133000000.0, 134000000.0, 135000000.0, 136000000.0, 137000000.0, 138000000.0, 139000000.0, 140000000.0, 141000000.0, 142000000.0, 143000000.0, 144000000.0, 145000000.0, 146000000.0, 147000000.0, 148000000.0, 149000000.0, 150000000.0, 151000000.0, 152000000.0, 153000000.0, 154000000.0, 155000000.0, 156000000.0, 157000000.0, 158000000.0, 159000000.0, 160000000.0, 161000000.0, 162000000.0, 163000000.0, 164000000.0, 165000000.0, 166000000.0, 167000000.0, 168000000.0, 169000000.0, 170000000.0, 171000000.0, 172000000.0, 173000000.0, 174000000.0, 175000000.0, 176000000.0, 177000000.0, 178000000.0, 179000000.0, 180000000.0, 181000000.0, 182000000.0, 183000000.0, 184000000.0, 185000000.0, 186000000.0, 187000000.0, 188000000.0, 189000000.0, 190000000.0, 191000000.0, 192000000.0, 193000000.0, 194000000.0, 195000000.0, 196000000.0, 197000000.0, 198000000.0, 199000000.0, 200000000.0]

number of circles fewer than each of those sample points:
[1914975558, 1940393763, 1965891850, 1991479657, 2017146093, 2042903218, 2068732772, 2094643942, 2120642494, 2146721397, 2172877422, 2199117218, 2225432237, 2251817376, 2278295675, 2304843641, 2331463887, 2358172740, 2384956389, 2411816292, 2438749858, 2465767544, 2492853595, 2520015575, 2547238085, 2574533825, 2601914074, 2629375804, 2656899015, 2684494934, 2712159455, 2739895484, 2767706622, 2795589026, 2823533989, 2851567190, 2879662480, 2907825991, 2936052982, 2964363992, 2992744831, 3021179472, 3049679619, 3078254889, 3106900694, 3135605424, 3164386762, 3193228044, 3222133687, 3251097117, 3280131047, 3309235306, 3338402088, 3367635100, 3396931185, 3426299254, 3455720399, 3485205861, 3514754263, 3544357015, 3574032559, 3603771796, 3633574696, 3663439176, 3693359917, 3723345049, 3753395835, 3783506944, 3813673496, 3843900379, 3874191540, 3904535225, 3934942404, 3965402272, 3995937989, 4026525266, 4057157706, 4087861246, 4118614718, 4149450392, 4180314336, 4211250126, 4242253608, 4273309610, 4304415595, 4335585677, 4366809237, 4398082432, 4429418280, 4460807454, 4492257869, 4523759291, 4555316305, 4586931967, 4618604719, 4650326469, 4682106470, 4713935183, 4745825221, 4777765984]

[33mBuilt regression model![0m
Model info:
	r^2:		0.9999999999087985
	p-value:	0
	intercept:	-3.2911039317216826
	slope:	1.338211328260098
Fractal dimension: 1.338211328260098
