[33mCounting circles[0m
11%		207m 8.061245287999554s remaining
22%		105m 1.7669009749997713s remaining
33%		68m 17.374792075000187s remaining
44%		47m 51.553518866000104s remaining
56%		33m 56.283127079999986s remaining
67%		23m 16.104079963999993s remaining
78%		14m 27.943627545000027s remaining
89%		6m 50.36824996399997s remaining

Took 58m 48.70310563300018s to count circles

[33mDone counting circles![0m
sample points:
[101000000.0, 102000000.0, 103000000.0, 104000000.0, 105000000.0, 106000000.0, 107000000.0, 108000000.0, 109000000.0, 110000000.0, 111000000.0, 112000000.0, 113000000.0, 114000000.0, 115000000.0, 116000000.0, 117000000.0, 118000000.0, 119000000.0, 120000000.0, 121000000.0, 122000000.0, 123000000.0, 124000000.0, 125000000.0, 126000000.0, 127000000.0, 128000000.0, 129000000.0, 130000000.0, 131000000.0, 132000000.0, 133000000.0, 134000000.0, 135000000.0, 136000000.0, 137000000.0, 138000000.0, 139000000.0, 140000000.0, 141000000.0, 142000000.0, 143000000.0, 144000000.0, 145000000.0, 146000000.0, 147000000.0, 148000000.0, 149000000.0, 150000000.0, 151000000.0, 152000000.0, 153000000.0, 154000000.0, 155000000.0, 156000000.0, 157000000.0, 158000000.0, 159000000.0, 160000000.0, 161000000.0, 162000000.0, 163000000.0, 164000000.0, 165000000.0, 166000000.0, 167000000.0, 168000000.0, 169000000.0, 170000000.0, 171000000.0, 172000000.0, 173000000.0, 174000000.0, 175000000.0, 176000000.0, 177000000.0, 178000000.0, 179000000.0, 180000000.0, 181000000.0, 182000000.0, 183000000.0, 184000000.0, 185000000.0, 186000000.0, 187000000.0, 188000000.0, 189000000.0, 190000000.0, 191000000.0, 192000000.0, 193000000.0, 194000000.0, 195000000.0, 196000000.0, 197000000.0, 198000000.0, 199000000.0, 200000000.0]

number of circles fewer than each of those sample points:
[1452032221, 1471221373, 1490476755, 1509789642, 1529165382, 1548600475, 1568095684, 1587654425, 1607266607, 1626944312, 1646686991, 1666484616, 1686346228, 1706257625, 1726235194, 1746276104, 1766357159, 1786505925, 1806715229, 1826977611, 1847291055, 1867663897, 1888086819, 1908572045, 1929109921, 1949694999, 1970340028, 1991038190, 2011791515, 2032591151, 2053456112, 2074367948, 2095333988, 2116351726, 2137420249, 2158540245, 2179714425, 2200947697, 2222221883, 2243550127, 2264930441, 2286359768, 2307845857, 2329372447, 2350952756, 2372579354, 2394259724, 2415987631, 2437763654, 2459592151, 2481472095, 2503390175, 2525358050, 2547368531, 2569433797, 2591539966, 2613701864, 2635902380, 2658156207, 2680465296, 2702815608, 2725219060, 2747657722, 2770151189, 2792685407, 2815258934, 2837879329, 2860549121, 2883256869, 2906013754, 2928813619, 2951662070, 2974552358, 2997482858, 3020464266, 3043481520, 3066538869, 3089649190, 3112808044, 3135999449, 3159239324, 3182530555, 3205842138, 3229209385, 3252619432, 3276063452, 3299556458, 3323089883, 3346663235, 3370289317, 3393948928, 3417647141, 3441387427, 3465174497, 3488996576, 3512853468, 3536755294, 3560699852, 3584675752, 3608700482]

[33mBuilt regression model![0m
Model info:
	r^2:		0.9999999997072353
	p-value:	0
	intercept:	-3.4631332147900338
	slope:	1.3325296814480614
Fractal dimension: 1.3325296814480614
