[33mCounting circles[0m
17%		119m 10.824477529999967s remaining
33%		63m 15.431720271999893s remaining
50%		39m 25.145483643999796s remaining
67%		23m 36.255277694999904s remaining
83%		10m 59.96229739299997s remaining

Took 62m 47.270604162999916s to count circles

[33mDone counting circles![0m
sample points:
[101000000.0, 102000000.0, 103000000.0, 104000000.0, 105000000.0, 106000000.0, 107000000.0, 108000000.0, 109000000.0, 110000000.0, 111000000.0, 112000000.0, 113000000.0, 114000000.0, 115000000.0, 116000000.0, 117000000.0, 118000000.0, 119000000.0, 120000000.0, 121000000.0, 122000000.0, 123000000.0, 124000000.0, 125000000.0, 126000000.0, 127000000.0, 128000000.0, 129000000.0, 130000000.0, 131000000.0, 132000000.0, 133000000.0, 134000000.0, 135000000.0, 136000000.0, 137000000.0, 138000000.0, 139000000.0, 140000000.0, 141000000.0, 142000000.0, 143000000.0, 144000000.0, 145000000.0, 146000000.0, 147000000.0, 148000000.0, 149000000.0, 150000000.0, 151000000.0, 152000000.0, 153000000.0, 154000000.0, 155000000.0, 156000000.0, 157000000.0, 158000000.0, 159000000.0, 160000000.0, 161000000.0, 162000000.0, 163000000.0, 164000000.0, 165000000.0, 166000000.0, 167000000.0, 168000000.0, 169000000.0, 170000000.0, 171000000.0, 172000000.0, 173000000.0, 174000000.0, 175000000.0, 176000000.0, 177000000.0, 178000000.0, 179000000.0, 180000000.0, 181000000.0, 182000000.0, 183000000.0, 184000000.0, 185000000.0, 186000000.0, 187000000.0, 188000000.0, 189000000.0, 190000000.0, 191000000.0, 192000000.0, 193000000.0, 194000000.0, 195000000.0, 196000000.0, 197000000.0, 198000000.0, 199000000.0, 200000000.0]

number of circles fewer than each of those sample points:
[2370651805, 2402148015, 2433755887, 2465470597, 2497285090, 2529210925, 2561225585, 2593342762, 2625561531, 2657872013, 2690292181, 2722802203, 2755422443, 2788138765, 2820953448, 2853866726, 2886868323, 2919971782, 2953162917, 2986466991, 3019859495, 3053343851, 3086923305, 3120590643, 3154350777, 3188208210, 3222155568, 3256199902, 3290317062, 3324519039, 3358824010, 3393213018, 3427691705, 3462265460, 3496928746, 3531656985, 3566484466, 3601394718, 3636395724, 3671500138, 3706674412, 3741930062, 3777270936, 3812704767, 3848216808, 3883814071, 3919497554, 3955257905, 3991101199, 4027028235, 4063033549, 4099125663, 4135288186, 4171541968, 4207869270, 4244268234, 4280751879, 4317314007, 4353965640, 4390694949, 4427482231, 4464358321, 4501314018, 4538342665, 4575452773, 4612652193, 4649919143, 4687259063, 4724674206, 4762167543, 4799732727, 4837367626, 4875084998, 4912872768, 4950732748, 4988674353, 5026686305, 5064774000, 5102930064, 5141160391, 5179471803, 5217839721, 5256283388, 5294800643, 5333369049, 5372026724, 5410761385, 5449558730, 5488435644, 5527361806, 5566359175, 5605438050, 5644586275, 5683799336, 5723077025, 5762432669, 5801846673, 5841336924, 5880895288, 5920515537]

[33mBuilt regression model![0m
Model info:
	r^2:		0.9999999998687636
	p-value:	0
	intercept:	-3.1043535868215173
	slope:	1.3396606873051315
Fractal dimension: 1.3396606873051315
