[33mCounting circles[0m
17%		154m 25.031812884999454s remaining
33%		123m 37.35297026599983s remaining
50%		77m 17.62838534599996s remaining
67%		54m 41.74349207100022s remaining
83%		25m 0.974343097999963s remaining

Took 157m 5.389502017000268s to count circles

[33mDone counting circles![0m
sample points:
[252500000.0, 255000000.0, 257500000.0, 260000000.0, 262500000.0, 265000000.0, 267500000.0, 270000000.0, 272500000.0, 275000000.0, 277500000.0, 280000000.0, 282500000.0, 285000000.0, 287500000.0, 290000000.0, 292500000.0, 295000000.0, 297500000.0, 300000000.0, 302500000.0, 305000000.0, 307500000.0, 310000000.0, 312500000.0, 315000000.0, 317500000.0, 320000000.0, 322500000.0, 325000000.0, 327500000.0, 330000000.0, 332500000.0, 335000000.0, 337500000.0, 340000000.0, 342500000.0, 345000000.0, 347500000.0, 350000000.0, 352500000.0, 355000000.0, 357500000.0, 360000000.0, 362500000.0, 365000000.0, 367500000.0, 370000000.0, 372500000.0, 375000000.0, 377500000.0, 380000000.0, 382500000.0, 385000000.0, 387500000.0, 390000000.0, 392500000.0, 395000000.0, 397500000.0, 400000000.0, 402500000.0, 405000000.0, 407500000.0, 410000000.0, 412500000.0, 415000000.0, 417500000.0, 420000000.0, 422500000.0, 425000000.0, 427500000.0, 430000000.0, 432500000.0, 435000000.0, 437500000.0, 440000000.0, 442500000.0, 445000000.0, 447500000.0, 450000000.0, 452500000.0, 455000000.0, 457500000.0, 460000000.0, 462500000.0, 465000000.0, 467500000.0, 470000000.0, 472500000.0, 475000000.0, 477500000.0, 480000000.0, 482500000.0, 485000000.0, 487500000.0, 490000000.0, 492500000.0, 495000000.0, 497500000.0, 500000000.0]

number of circles fewer than each of those sample points:
[6515208445, 6601677999, 6688429058, 6775466135, 6862821901, 6950418245, 7038300842, 7126447563, 7214876190, 7303590668, 7392543527, 7481807455, 7571332751, 7661126439, 7751196567, 7841520629, 7932115650, 8022992200, 8114110067, 8205501362, 8297144660, 8389011842, 8481169542, 8573590470, 8666255937, 8759166138, 8852293192, 8945701823, 9039360694, 9133252229, 9227389676, 9321757036, 9416406681, 9511267836, 9606355525, 9701706662, 9797291214, 9893122014, 9989167764, 10085464635, 10181993619, 10278746939, 10375723484, 10472917023, 10570351622, 10668032844, 10765943422, 10864053257, 10962372584, 11060943761, 11159724582, 11258730896, 11357973961, 11457462204, 11557127046, 11657025529, 11757143008, 11857449481, 11957954735, 12058683766, 12159633919, 12260799584, 12362193544, 12463785403, 12565598683, 12667624243, 12769847698, 12872286322, 12974940846, 13077782712, 13180810196, 13284058952, 13387527859, 13491186602, 13595049210, 13699108861, 13803388831, 13907873117, 14012557532, 14117421413, 14222462398, 14327690613, 14433122732, 14538757574, 14644593571, 14750629092, 14856857242, 14963276504, 15069888763, 15176662952, 15283629362, 15390802571, 15498181832, 15605753304, 15713495192, 15821427230, 15929542366, 16037872903, 16146361476, 16255049981]

[33mBuilt regression model![0m
Model info:
	r^2:		0.9999999999104777
	p-value:	0
	intercept:	-3.2929435944498806
	slope:	1.3382152524081246
Fractal dimension: 1.3382152524081246
