[33mCounting circles[0m
17%		246m 39.22455800500029s remaining
33%		163m 13.68858941200051s remaining
50%		98m 44.24889214599989s remaining
67%		57m 55.68216297800018s remaining
83%		29m 38.67240932699997s remaining

Took 163m 57.43810071699954s to count circles

[33mDone counting circles![0m
sample points:
[202000000.0, 204000000.0, 206000000.0, 208000000.0, 210000000.0, 212000000.0, 214000000.0, 216000000.0, 218000000.0, 220000000.0, 222000000.0, 224000000.0, 226000000.0, 228000000.0, 230000000.0, 232000000.0, 234000000.0, 236000000.0, 238000000.0, 240000000.0, 242000000.0, 244000000.0, 246000000.0, 248000000.0, 250000000.0, 252000000.0, 254000000.0, 256000000.0, 258000000.0, 260000000.0, 262000000.0, 264000000.0, 266000000.0, 268000000.0, 270000000.0, 272000000.0, 274000000.0, 276000000.0, 278000000.0, 280000000.0, 282000000.0, 284000000.0, 286000000.0, 288000000.0, 290000000.0, 292000000.0, 294000000.0, 296000000.0, 298000000.0, 300000000.0, 302000000.0, 304000000.0, 306000000.0, 308000000.0, 310000000.0, 312000000.0, 314000000.0, 316000000.0, 318000000.0, 320000000.0, 322000000.0, 324000000.0, 326000000.0, 328000000.0, 330000000.0, 332000000.0, 334000000.0, 336000000.0, 338000000.0, 340000000.0, 342000000.0, 344000000.0, 346000000.0, 348000000.0, 350000000.0, 352000000.0, 354000000.0, 356000000.0, 358000000.0, 360000000.0, 362000000.0, 364000000.0, 366000000.0, 368000000.0, 370000000.0, 372000000.0, 374000000.0, 376000000.0, 378000000.0, 380000000.0, 382000000.0, 384000000.0, 386000000.0, 388000000.0, 390000000.0, 392000000.0, 394000000.0, 396000000.0, 398000000.0, 400000000.0]

number of circles fewer than each of those sample points:
[6829258770, 6918933456, 7008895015, 7099154601, 7189694254, 7280520818, 7371617189, 7462998066, 7554640095, 7646560584, 7738760844, 7831192278, 7923922460, 8016934923, 8110190623, 8203722284, 8297504100, 8391545437, 8485849535, 8580402716, 8675203919, 8770262080, 8865565070, 8961127941, 9056950943, 9153012086, 9249338513, 9345917350, 9442708831, 9539763853, 9637059510, 9734597781, 9832378742, 9930394377, 10028640958, 10127128202, 10225876207, 10324825288, 10424032551, 10523464141, 10623110543, 10722997382, 10823115122, 10923465851, 11024040887, 11124836820, 11225865298, 11327098439, 11428567034, 11530251837, 11632158025, 11734270424, 11836607540, 11939157765, 12041927833, 12144917050, 12248130326, 12351536899, 12455146046, 12558994242, 12663036914, 12767287952, 12871768139, 12976464871, 13081347143, 13186427711, 13291733056, 13397236297, 13502956135, 13608856953, 13714959542, 13821252342, 13927769231, 14034485170, 14141389834, 14248504021, 14355829912, 14463338192, 14571050743, 14678942399, 14787023711, 14895298037, 15003776844, 15112438660, 15221321588, 15330387250, 15439627895, 15549042248, 15658647072, 15768450493, 15878437236, 15988619324, 16098977905, 16209546415, 16320291196, 16431205238, 16542290150, 16653587561, 16765053005, 16876716501]

[33mBuilt regression model![0m
Model info:
	r^2:		0.9999999999098886
	p-value:	0
	intercept:	-2.680074624896932
	slope:	1.3242443684636434
Fractal dimension: 1.3242443684636434
