[33mCounting circles[0m
17%		121m 36.87446848499985s remaining
33%		97m 19.067595671999698s remaining
50%		60m 50.772917116999906s remaining
67%		43m 1.5033805799998845s remaining
83%		19m 38.72699329400007s remaining

Took 123m 22.343338609000057s to count circles

[33mDone counting circles![0m
sample points:
[202000000.0, 204000000.0, 206000000.0, 208000000.0, 210000000.0, 212000000.0, 214000000.0, 216000000.0, 218000000.0, 220000000.0, 222000000.0, 224000000.0, 226000000.0, 228000000.0, 230000000.0, 232000000.0, 234000000.0, 236000000.0, 238000000.0, 240000000.0, 242000000.0, 244000000.0, 246000000.0, 248000000.0, 250000000.0, 252000000.0, 254000000.0, 256000000.0, 258000000.0, 260000000.0, 262000000.0, 264000000.0, 266000000.0, 268000000.0, 270000000.0, 272000000.0, 274000000.0, 276000000.0, 278000000.0, 280000000.0, 282000000.0, 284000000.0, 286000000.0, 288000000.0, 290000000.0, 292000000.0, 294000000.0, 296000000.0, 298000000.0, 300000000.0, 302000000.0, 304000000.0, 306000000.0, 308000000.0, 310000000.0, 312000000.0, 314000000.0, 316000000.0, 318000000.0, 320000000.0, 322000000.0, 324000000.0, 326000000.0, 328000000.0, 330000000.0, 332000000.0, 334000000.0, 336000000.0, 338000000.0, 340000000.0, 342000000.0, 344000000.0, 346000000.0, 348000000.0, 350000000.0, 352000000.0, 354000000.0, 356000000.0, 358000000.0, 360000000.0, 362000000.0, 364000000.0, 366000000.0, 368000000.0, 370000000.0, 372000000.0, 374000000.0, 376000000.0, 378000000.0, 380000000.0, 382000000.0, 384000000.0, 386000000.0, 388000000.0, 390000000.0, 392000000.0, 394000000.0, 396000000.0, 398000000.0, 400000000.0]

number of circles fewer than each of those sample points:
[4833264635, 4897425973, 4961792261, 5026370109, 5091146637, 5156118641, 5221328054, 5286730475, 5352331025, 5418165766, 5484196624, 5550400999, 5616805911, 5683430016, 5750236247, 5817247545, 5884470638, 5951853055, 6019432197, 6087239261, 6155208932, 6223380259, 6291732448, 6360289692, 6429015265, 6497941781, 6567047271, 6636354860, 6705818863, 6775466135, 6845326012, 6915337880, 6985538128, 7055907630, 7126447563, 7197180278, 7268072717, 7339145243, 7410373156, 7481807455, 7553413921, 7625179126, 7697118968, 7769233455, 7841520629, 7913966439, 7986606584, 8059400714, 8132371430, 8205501362, 8278790859, 8352232701, 8425849105, 8499635579, 8573590470, 8647702516, 8721971683, 8796390772, 8870952000, 8945701823, 9020603136, 9095660961, 9170875000, 9246237984, 9321757036, 9397474769, 9473297884, 9549264648, 9625403682, 9701706662, 9778153700, 9854768696, 9931523621, 10008404777, 10085464635, 10162663068, 10240016534, 10317509536, 10395142893, 10472917023, 10550851946, 10628933562, 10707165329, 10785549937, 10864053257, 10942692534, 11021494139, 11100430378, 11179511379, 11258730896, 11338105326, 11417646749, 11497306482, 11577094194, 11657025529, 11737107173, 11817307657, 11897623538, 11978086657, 12058683766]

[33mBuilt regression model![0m
Model info:
	r^2:		0.9999999998899217
	p-value:	0
	intercept:	-3.2928817875960306
	slope:	1.3382121342288391
Fractal dimension: 1.3382121342288391
