[33mCounting circles[0m
8%		1845m 50.29047910300142s remaining
17%		1676m 56.295326268998906s remaining
25%		1507m 36.25788208800077s remaining
33%		1339m 22.14072832200327s remaining
42%		1172m 20.4909281010041s remaining
50%		1004m 54.19083868400048s remaining
58%		837m 11.642251739998756s remaining
67%		669m 35.64710815499711s remaining
75%		502m 8.17696320899995s remaining
83%		335m 2.8186734090013488s remaining
92%		167m 31.92087728399929s remaining

Took 2010m 4.795654550995096s to count circles

[33mDone counting circles![0m
sample points:
[202000000.0, 204000000.0, 206000000.0, 208000000.0, 210000000.0, 212000000.0, 214000000.0, 216000000.0, 218000000.0, 220000000.0, 222000000.0, 224000000.0, 226000000.0, 228000000.0, 230000000.0, 232000000.0, 234000000.0, 236000000.0, 238000000.0, 240000000.0, 242000000.0, 244000000.0, 246000000.0, 248000000.0, 250000000.0, 252000000.0, 254000000.0, 256000000.0, 258000000.0, 260000000.0, 262000000.0, 264000000.0, 266000000.0, 268000000.0, 270000000.0, 272000000.0, 274000000.0, 276000000.0, 278000000.0, 280000000.0, 282000000.0, 284000000.0, 286000000.0, 288000000.0, 290000000.0, 292000000.0, 294000000.0, 296000000.0, 298000000.0, 300000000.0, 302000000.0, 304000000.0, 306000000.0, 308000000.0, 310000000.0, 312000000.0, 314000000.0, 316000000.0, 318000000.0, 320000000.0, 322000000.0, 324000000.0, 326000000.0, 328000000.0, 330000000.0, 332000000.0, 334000000.0, 336000000.0, 338000000.0, 340000000.0, 342000000.0, 344000000.0, 346000000.0, 348000000.0, 350000000.0, 352000000.0, 354000000.0, 356000000.0, 358000000.0, 360000000.0, 362000000.0, 364000000.0, 366000000.0, 368000000.0, 370000000.0, 372000000.0, 374000000.0, 376000000.0, 378000000.0, 380000000.0, 382000000.0, 384000000.0, 386000000.0, 388000000.0, 390000000.0, 392000000.0, 394000000.0, 396000000.0, 398000000.0, 400000000.0]

number of circles fewer than each of those sample points:
[37422366101, 37962147909, 38504354992, 39048896514, 39595820167, 40145163494, 40696849747, 41250885737, 41807275625, 42365910244, 42926912826, 43490234871, 44055874684, 44623753387, 45193882978, 45766239961, 46340847298, 46917683706, 47496710801, 48077982369, 48661460149, 49247082955, 49834953634, 50424963320, 51017166088, 51611519999, 52208022461, 52806607538, 53407301459, 54010105109, 54615038573, 55222052732, 55831182976, 56442423323, 57055781514, 57671142833, 58288519971, 58907979065, 59529526011, 60153033690, 60778582235, 61406180555, 62035756283, 62667349083, 63300934585, 63936494541, 64574057804, 65213558058, 65855010315, 66498415675, 67143783086, 67791126740, 68440413062, 69091597769, 69744688476, 70399745897, 71056671583, 71715442758, 72376123014, 73038723620, 73703233252, 74369599407, 75037853382, 75707967343, 76379902160, 77053670567, 77729287197, 78406762196, 79086109971, 79767234936, 80450245800, 81135024479, 81821616973, 82510022870, 83200163037, 83892177838, 84586007242, 85281517422, 85978858501, 86677985868, 87378833106, 88081478934, 88785805814, 89491877374, 90199713216, 90909250725, 91620563894, 92333570557, 93048377124, 93764903556, 94483085299, 95202966392, 95924615592, 96647923083, 97372979017, 98099710753, 98828118969, 99558144967, 100289866225, 101023276268]

[33mBuilt regression model![0m
Model info:
	r^2:		0.9999999999786621
	p-value:	0
	intercept:	-3.4523975434340386
	slope:	1.4535794478758508
Fractal dimension: 1.4535794478758508
