[33mCounting circles[0m
8%		479m 0.387609691999387s remaining
17%		430m 25.712692944998707s remaining
25%		378m 50.819240262000676s remaining
33%		332m 45.87474061800094s remaining
42%		289m 54.128411203000724s remaining
50%		247m 5.562230809999164s remaining
58%		204m 7.877331961000891s remaining
67%		161m 55.54234249299952s remaining
75%		120m 30.386952279999605s remaining
83%		79m 52.14468192999993s remaining
92%		39m 47.86750474400014s remaining

Took 476m 36.67379922499822s to count circles

[33mDone counting circles![0m
sample points:
[101000000.0, 102000000.0, 103000000.0, 104000000.0, 105000000.0, 106000000.0, 107000000.0, 108000000.0, 109000000.0, 110000000.0, 111000000.0, 112000000.0, 113000000.0, 114000000.0, 115000000.0, 116000000.0, 117000000.0, 118000000.0, 119000000.0, 120000000.0, 121000000.0, 122000000.0, 123000000.0, 124000000.0, 125000000.0, 126000000.0, 127000000.0, 128000000.0, 129000000.0, 130000000.0, 131000000.0, 132000000.0, 133000000.0, 134000000.0, 135000000.0, 136000000.0, 137000000.0, 138000000.0, 139000000.0, 140000000.0, 141000000.0, 142000000.0, 143000000.0, 144000000.0, 145000000.0, 146000000.0, 147000000.0, 148000000.0, 149000000.0, 150000000.0, 151000000.0, 152000000.0, 153000000.0, 154000000.0, 155000000.0, 156000000.0, 157000000.0, 158000000.0, 159000000.0, 160000000.0, 161000000.0, 162000000.0, 163000000.0, 164000000.0, 165000000.0, 166000000.0, 167000000.0, 168000000.0, 169000000.0, 170000000.0, 171000000.0, 172000000.0, 173000000.0, 174000000.0, 175000000.0, 176000000.0, 177000000.0, 178000000.0, 179000000.0, 180000000.0, 181000000.0, 182000000.0, 183000000.0, 184000000.0, 185000000.0, 186000000.0, 187000000.0, 188000000.0, 189000000.0, 190000000.0, 191000000.0, 192000000.0, 193000000.0, 194000000.0, 195000000.0, 196000000.0, 197000000.0, 198000000.0, 199000000.0, 200000000.0]

number of circles fewer than each of those sample points:
[7585807320, 7692125957, 7798884664, 7906057647, 8013643722, 8121663947, 8230119916, 8338982925, 8448262354, 8557959869, 8668061934, 8778577193, 8889509421, 9000868165, 9112619241, 9224762504, 9337300012, 9450241885, 9563585451, 9677313512, 9791432891, 9905946961, 10020868665, 10136163148, 10251834786, 10367895960, 10484341129, 10601138413, 10718356495, 10835922880, 10953850541, 11072147024, 11190822408, 11309883476, 11429289612, 11549067792, 11669195789, 11789698601, 11910571110, 12031793768, 12153377915, 12275334328, 12397648347, 12520292010, 12643275825, 12766640624, 12890346455, 13014394338, 13138778544, 13263517204, 13388609177, 13514026991, 13639811737, 13765910918, 13892351685, 14019130188, 14146257207, 14273689967, 14401486031, 14529602798, 14658064191, 14786825211, 14915954828, 15045376049, 15175131327, 15305221198, 15435599974, 15566298104, 15697355529, 15828724906, 15960422226, 16092427911, 16224738285, 16357392697, 16490353455, 16623629705, 16757226304, 16891110591, 17025335796, 17159854810, 17294661117, 17429782521, 17565237259, 17700982489, 17837040229, 17973378232, 18110036277, 18246988792, 18384246259, 18521792812, 18659652020, 18797815377, 18936275614, 19075016195, 19214068289, 19353412533, 19493066536, 19633004293, 19773213587, 19913750436]

[33mBuilt regression model![0m
Model info:
	r^2:		0.9999999998104939
	p-value:	0
	intercept:	-3.286809376868625
	slope:	1.412667738751613
Fractal dimension: 1.412667738751613
