[33mCounting circles[0m
10%		343m 6.0811345010006335s remaining
20%		304m 47.27084446400113s remaining
30%		265m 33.093548779999765s remaining
40%		227m 16.616166457000872s remaining
50%		189m 41.50497566500053s remaining
60%		151m 37.32995973300058s remaining
70%		113m 36.750938694999604s remaining
80%		76m 15.53605476499979s remaining
90%		38m 20.664037620999807s remaining

Took 383m 46.710013599000376s to count circles

[33mDone counting circles![0m
sample points:
[101000000.0, 102000000.0, 103000000.0, 104000000.0, 105000000.0, 106000000.0, 107000000.0, 108000000.0, 109000000.0, 110000000.0, 111000000.0, 112000000.0, 113000000.0, 114000000.0, 115000000.0, 116000000.0, 117000000.0, 118000000.0, 119000000.0, 120000000.0, 121000000.0, 122000000.0, 123000000.0, 124000000.0, 125000000.0, 126000000.0, 127000000.0, 128000000.0, 129000000.0, 130000000.0, 131000000.0, 132000000.0, 133000000.0, 134000000.0, 135000000.0, 136000000.0, 137000000.0, 138000000.0, 139000000.0, 140000000.0, 141000000.0, 142000000.0, 143000000.0, 144000000.0, 145000000.0, 146000000.0, 147000000.0, 148000000.0, 149000000.0, 150000000.0, 151000000.0, 152000000.0, 153000000.0, 154000000.0, 155000000.0, 156000000.0, 157000000.0, 158000000.0, 159000000.0, 160000000.0, 161000000.0, 162000000.0, 163000000.0, 164000000.0, 165000000.0, 166000000.0, 167000000.0, 168000000.0, 169000000.0, 170000000.0, 171000000.0, 172000000.0, 173000000.0, 174000000.0, 175000000.0, 176000000.0, 177000000.0, 178000000.0, 179000000.0, 180000000.0, 181000000.0, 182000000.0, 183000000.0, 184000000.0, 185000000.0, 186000000.0, 187000000.0, 188000000.0, 189000000.0, 190000000.0, 191000000.0, 192000000.0, 193000000.0, 194000000.0, 195000000.0, 196000000.0, 197000000.0, 198000000.0, 199000000.0, 200000000.0]

number of circles fewer than each of those sample points:
[6555071424, 6646118497, 6737501936, 6829248455, 6921343773, 7013763784, 7106550733, 7199691428, 7293190822, 7387017082, 7481195313, 7575707157, 7670563934, 7765753974, 7861275929, 7957131330, 8053326346, 8149838652, 8246689801, 8343848620, 8441344914, 8539150897, 8637292611, 8735746220, 8834509370, 8933625255, 9033044754, 9132773684, 9232790819, 9333133713, 9433797344, 9534763072, 9636028978, 9737593034, 9839468741, 9941647694, 10044119537, 10146901490, 10249978619, 10353328194, 10457008174, 10560956667, 10665198379, 10769762899, 10874609111, 10979737364, 11085178051, 11190884284, 11296877114, 11403150057, 11509718341, 11616549116, 11723669742, 11831050558, 11938730105, 12046681475, 12154912328, 12263433320, 12372226783, 12481293692, 12590631268, 12700256845, 12810144164, 12920302611, 13030700598, 13141373673, 13252320329, 13363534452, 13475036027, 13586776296, 13698785100, 13811053940, 13923596920, 14036407174, 14149423076, 14262741150, 14376296174, 14490128828, 14604222865, 14718557567, 14833139379, 14947958158, 15063056747, 15178403619, 15294002494, 15409852546, 15525962812, 15642293061, 15758885526, 15875712506, 15992799864, 16110134586, 16227707416, 16345535625, 16463604315, 16581925384, 16700488441, 16819288735, 16938304050, 17057558264]

[33mBuilt regression model![0m
Model info:
	r^2:		0.9999999999590559
	p-value:	0
	intercept:	-3.196203117536875
	slope:	1.3998275441096575
Fractal dimension: 1.3998275441096575
