[33mCounting circles[0m
9%		973m 12.10409393000009s remaining
18%		490m 46.48491262199968s remaining
27%		322m 46.05824327400114s remaining
36%		232m 54.260968962000334s remaining
45%		174m 2.0788745840000047s remaining
55%		130m 35.48124253599963s remaining
64%		96m 2.6369872550003493s remaining
73%		67m 11.820189932000176s remaining
82%		42m 16.281644981000227s remaining
91%		20m 11.092156075000048s remaining

Took 213m 16.3228009329996s to count circles

[33mDone counting circles![0m
sample points:
[252500000.0, 255000000.0, 257500000.0, 260000000.0, 262500000.0, 265000000.0, 267500000.0, 270000000.0, 272500000.0, 275000000.0, 277500000.0, 280000000.0, 282500000.0, 285000000.0, 287500000.0, 290000000.0, 292500000.0, 295000000.0, 297500000.0, 300000000.0, 302500000.0, 305000000.0, 307500000.0, 310000000.0, 312500000.0, 315000000.0, 317500000.0, 320000000.0, 322500000.0, 325000000.0, 327500000.0, 330000000.0, 332500000.0, 335000000.0, 337500000.0, 340000000.0, 342500000.0, 345000000.0, 347500000.0, 350000000.0, 352500000.0, 355000000.0, 357500000.0, 360000000.0, 362500000.0, 365000000.0, 367500000.0, 370000000.0, 372500000.0, 375000000.0, 377500000.0, 380000000.0, 382500000.0, 385000000.0, 387500000.0, 390000000.0, 392500000.0, 395000000.0, 397500000.0, 400000000.0, 402500000.0, 405000000.0, 407500000.0, 410000000.0, 412500000.0, 415000000.0, 417500000.0, 420000000.0, 422500000.0, 425000000.0, 427500000.0, 430000000.0, 432500000.0, 435000000.0, 437500000.0, 440000000.0, 442500000.0, 445000000.0, 447500000.0, 450000000.0, 452500000.0, 455000000.0, 457500000.0, 460000000.0, 462500000.0, 465000000.0, 467500000.0, 470000000.0, 472500000.0, 475000000.0, 477500000.0, 480000000.0, 482500000.0, 485000000.0, 487500000.0, 490000000.0, 492500000.0, 495000000.0, 497500000.0, 500000000.0]

number of circles fewer than each of those sample points:
[4154872239, 4209567865, 4264443708, 4319491877, 4374712423, 4430108688, 4485677793, 4541411380, 4597319105, 4653390955, 4709618446, 4766024806, 4822602586, 4879329448, 4936240755, 4993299157, 5050510091, 5107898286, 5165449248, 5223147906, 5281011045, 5339030580, 5397199740, 5455510389, 5513992457, 5572632307, 5631411373, 5690355186, 5749458165, 5808711316, 5868098896, 5927635433, 5987319732, 6047164036, 6107138936, 6167248389, 6227519562, 6287941659, 6348504642, 6409206754, 6470055987, 6531033597, 6592153086, 6653437017, 6714850865, 6776390119, 6838064453, 6899876447, 6961838234, 7023933762, 7086158176, 7148525504, 7211027342, 7273651641, 7336422400, 7399315691, 7462343073, 7525488025, 7588782790, 7652210945, 7715770439, 7779459789, 7843272439, 7907219497, 7971284104, 8035483289, 8099805109, 8164248659, 8228823123, 8293517923, 8358346185, 8423298365, 8488364960, 8553556853, 8618872898, 8684321785, 8749892372, 8815565816, 8881364802, 8947292014, 9013339847, 9079502744, 9145789035, 9212190070, 9278724473, 9345360123, 9412107953, 9478980618, 9545970330, 9613070366, 9680288247, 9747639397, 9815093153, 9882665414, 9950348621, 10018137011, 10086050055, 10154062141, 10222192340, 10290426013]

[33mBuilt regression model![0m
Model info:
	r^2:		0.9999999999720974
	p-value:	0
	intercept:	-3.5352539371218725
	slope:	1.3274876928622594
Fractal dimension: 1.3274876928622594
