[33mCounting circles[0m
13%		613m 13.421099658997264s remaining
25%		313m 10.241007368000282s remaining
38%		201m 57.465810122999756s remaining
50%		137m 57.80982433800091s remaining
63%		92m 50.97807365799963s remaining
75%		57m 10.756304583000201s remaining
88%		26m 54.19610759700004s remaining

Took 205m 6.423037544000181s to count circles

[33mDone counting circles![0m
sample points:
[252500000.0, 255000000.0, 257500000.0, 260000000.0, 262500000.0, 265000000.0, 267500000.0, 270000000.0, 272500000.0, 275000000.0, 277500000.0, 280000000.0, 282500000.0, 285000000.0, 287500000.0, 290000000.0, 292500000.0, 295000000.0, 297500000.0, 300000000.0, 302500000.0, 305000000.0, 307500000.0, 310000000.0, 312500000.0, 315000000.0, 317500000.0, 320000000.0, 322500000.0, 325000000.0, 327500000.0, 330000000.0, 332500000.0, 335000000.0, 337500000.0, 340000000.0, 342500000.0, 345000000.0, 347500000.0, 350000000.0, 352500000.0, 355000000.0, 357500000.0, 360000000.0, 362500000.0, 365000000.0, 367500000.0, 370000000.0, 372500000.0, 375000000.0, 377500000.0, 380000000.0, 382500000.0, 385000000.0, 387500000.0, 390000000.0, 392500000.0, 395000000.0, 397500000.0, 400000000.0, 402500000.0, 405000000.0, 407500000.0, 410000000.0, 412500000.0, 415000000.0, 417500000.0, 420000000.0, 422500000.0, 425000000.0, 427500000.0, 430000000.0, 432500000.0, 435000000.0, 437500000.0, 440000000.0, 442500000.0, 445000000.0, 447500000.0, 450000000.0, 452500000.0, 455000000.0, 457500000.0, 460000000.0, 462500000.0, 465000000.0, 467500000.0, 470000000.0, 472500000.0, 475000000.0, 477500000.0, 480000000.0, 482500000.0, 485000000.0, 487500000.0, 490000000.0, 492500000.0, 495000000.0, 497500000.0, 500000000.0]

number of circles fewer than each of those sample points:
[5560566411, 5634203891, 5708080031, 5782202594, 5856577296, 5931181637, 6006020497, 6081116273, 6156423863, 6231973696, 6307734761, 6383730659, 6459971668, 6536427364, 6613122775, 6690023198, 6767139009, 6844496497, 6922060771, 6999849423, 7077855092, 7156073306, 7234513803, 7313170668, 7392031476, 7471111735, 7550402795, 7629911708, 7709622786, 7789534141, 7869646500, 7949962074, 8030500651, 8111246485, 8192164608, 8273294204, 8354641253, 8436178134, 8517916253, 8599842140, 8681977754, 8764317350, 8846821718, 8929535269, 9012421924, 9095519425, 9178818126, 9262301888, 9345968351, 9429831893, 9513868911, 9598095712, 9682512256, 9767122182, 9851906556, 9936875116, 10022028256, 10107367342, 10192884152, 10278595007, 10364471154, 10450525319, 10536759141, 10623181359, 10709760259, 10796528261, 10883480719, 10970599295, 11057909719, 11145377735, 11233015631, 11320824825, 11408808663, 11496949731, 11585269997, 11673749155, 11762401800, 11851233127, 11940242280, 12029405100, 12118728649, 12208226467, 12297894878, 12387725901, 12477709992, 12567847193, 12658178325, 12748669781, 12839298592, 12930109542, 13021069122, 13112174869, 13203454142, 13294882549, 13386483255, 13478246187, 13570151858, 13662214051, 13754432475, 13846818963]

[33mBuilt regression model![0m
Model info:
	r^2:		0.9999999999741764
	p-value:	0
	intercept:	-3.3973091457930664
	slope:	1.3354204415913127
Fractal dimension: 1.3354204415913127
