[33mCounting circles[0m
11%		721m 38.29279151999799s remaining
22%		365m 54.48703812700114s remaining
33%		237m 52.68337383399921s remaining
44%		166m 41.18282209499921s remaining
56%		118m 11.199790794999899s remaining
67%		81m 1.9465421240001888s remaining
78%		50m 22.899844872999893s remaining
89%		23m 49.44101752100005s remaining

Took 205m 4.541321832999529s to count circles

[33mDone counting circles![0m
sample points:
[252500000.0, 255000000.0, 257500000.0, 260000000.0, 262500000.0, 265000000.0, 267500000.0, 270000000.0, 272500000.0, 275000000.0, 277500000.0, 280000000.0, 282500000.0, 285000000.0, 287500000.0, 290000000.0, 292500000.0, 295000000.0, 297500000.0, 300000000.0, 302500000.0, 305000000.0, 307500000.0, 310000000.0, 312500000.0, 315000000.0, 317500000.0, 320000000.0, 322500000.0, 325000000.0, 327500000.0, 330000000.0, 332500000.0, 335000000.0, 337500000.0, 340000000.0, 342500000.0, 345000000.0, 347500000.0, 350000000.0, 352500000.0, 355000000.0, 357500000.0, 360000000.0, 362500000.0, 365000000.0, 367500000.0, 370000000.0, 372500000.0, 375000000.0, 377500000.0, 380000000.0, 382500000.0, 385000000.0, 387500000.0, 390000000.0, 392500000.0, 395000000.0, 397500000.0, 400000000.0, 402500000.0, 405000000.0, 407500000.0, 410000000.0, 412500000.0, 415000000.0, 417500000.0, 420000000.0, 422500000.0, 425000000.0, 427500000.0, 430000000.0, 432500000.0, 435000000.0, 437500000.0, 440000000.0, 442500000.0, 445000000.0, 447500000.0, 450000000.0, 452500000.0, 455000000.0, 457500000.0, 460000000.0, 462500000.0, 465000000.0, 467500000.0, 470000000.0, 472500000.0, 475000000.0, 477500000.0, 480000000.0, 482500000.0, 485000000.0, 487500000.0, 490000000.0, 492500000.0, 495000000.0, 497500000.0, 500000000.0]

number of circles fewer than each of those sample points:
[4923115719, 4988168690, 5053441301, 5118929012, 5184610271, 5250529949, 5316630660, 5382936072, 5449457429, 5516162553, 5583098319, 5650211801, 5717542445, 5785058988, 5852783165, 5920694798, 5988819011, 6057124048, 6125606997, 6194294543, 6263184628, 6332268766, 6401513330, 6470958249, 6540596926, 6610416104, 6680409467, 6750591984, 6820966693, 6891498970, 6962222713, 7033134875, 7104215229, 7175478493, 7246918490, 7318543027, 7390322122, 7462288330, 7534436678, 7606739518, 7679227162, 7751887668, 7824709232, 7897702337, 7970877086, 8044209149, 8117708598, 8191390766, 8265221853, 8339213708, 8413374440, 8487699887, 8562191462, 8636844498, 8711657037, 8786641445, 8861788227, 8937086020, 9012533656, 9088147026, 9163919391, 9239838885, 9315915205, 9392159439, 9468544461, 9545090231, 9621788251, 9698628470, 9775625955, 9852782800, 9930097853, 10007551031, 10085159919, 10162903465, 10240805278, 10318864441, 10397064733, 10475425297, 10553907260, 10632550005, 10711334176, 10790261899, 10869326299, 10948543698, 11027905435, 11107397243, 11187041990, 11266827615, 11346743571, 11426807455, 11507013534, 11587344456, 11667830436, 11748458707, 11829231711, 11910143886, 11991185572, 12072353299, 12153667552, 12235123966]

[33mBuilt regression model![0m
Model info:
	r^2:		0.999999999949532
	p-value:	0
	intercept:	-3.4628644290501995
	slope:	1.33251544237211
Fractal dimension: 1.33251544237211
