[33mCounting circles[0m
17%		419m 42.7674664949991s remaining
33%		222m 52.70435474400074s remaining
50%		139m 10.155418868000197s remaining
67%		83m 25.84053401700021s remaining
83%		38m 52.889555654000105s remaining

Took 221m 51.58236513799966s to count circles

[33mDone counting circles![0m
sample points:
[252500000.0, 255000000.0, 257500000.0, 260000000.0, 262500000.0, 265000000.0, 267500000.0, 270000000.0, 272500000.0, 275000000.0, 277500000.0, 280000000.0, 282500000.0, 285000000.0, 287500000.0, 290000000.0, 292500000.0, 295000000.0, 297500000.0, 300000000.0, 302500000.0, 305000000.0, 307500000.0, 310000000.0, 312500000.0, 315000000.0, 317500000.0, 320000000.0, 322500000.0, 325000000.0, 327500000.0, 330000000.0, 332500000.0, 335000000.0, 337500000.0, 340000000.0, 342500000.0, 345000000.0, 347500000.0, 350000000.0, 352500000.0, 355000000.0, 357500000.0, 360000000.0, 362500000.0, 365000000.0, 367500000.0, 370000000.0, 372500000.0, 375000000.0, 377500000.0, 380000000.0, 382500000.0, 385000000.0, 387500000.0, 390000000.0, 392500000.0, 395000000.0, 397500000.0, 400000000.0, 402500000.0, 405000000.0, 407500000.0, 410000000.0, 412500000.0, 415000000.0, 417500000.0, 420000000.0, 422500000.0, 425000000.0, 427500000.0, 430000000.0, 432500000.0, 435000000.0, 437500000.0, 440000000.0, 442500000.0, 445000000.0, 447500000.0, 450000000.0, 452500000.0, 455000000.0, 457500000.0, 460000000.0, 462500000.0, 465000000.0, 467500000.0, 470000000.0, 472500000.0, 475000000.0, 477500000.0, 480000000.0, 482500000.0, 485000000.0, 487500000.0, 490000000.0, 492500000.0, 495000000.0, 497500000.0, 500000000.0]

number of circles fewer than each of those sample points:
[8090472103, 8197974249, 8305828483, 8414036877, 8522607946, 8631512928, 8740762536, 8850365673, 8960305400, 9070591171, 9181262260, 9292234314, 9403554553, 9515221224, 9627202695, 9739520635, 9852163833, 9965140387, 10078439992, 10192041556, 10305995784, 10420250202, 10534812545, 10649684723, 10764894123, 10880424529, 10996263315, 11112416927, 11228886209, 11345647571, 11462720437, 11580095480, 11697784239, 11815761470, 11934053992, 12052616352, 12171505089, 12290672822, 12410133310, 12529878995, 12649912568, 12770235812, 12890850142, 13011754669, 13132960441, 13254436988, 13376188010, 13498227936, 13620564920, 13743156416, 13866033486, 13989195691, 14112633467, 14236324055, 14360300756, 14484554604, 14609091207, 14733888589, 14858952653, 14984305096, 15109895918, 15235759881, 15361880702, 15488270860, 15614890087, 15741805419, 15868970054, 15996415640, 16124084044, 16252022287, 16380213289, 16508661651, 16637361094, 16766338648, 16895551812, 17025011364, 17154750078, 17284714788, 17414917743, 17545384951, 17676088317, 17807035453, 17938240660, 18069689882, 18201360724, 18333293096, 18465453264, 18597861692, 18730496949, 18863379320, 18996509810, 19129874267, 19263470688, 19397306739, 19531356956, 19665656438, 19800193828, 19934938891, 20069937783, 20205156737]

[33mBuilt regression model![0m
Model info:
	r^2:		0.9999999999728332
	p-value:	0
	intercept:	-3.1043041374976212
	slope:	1.3396579500243813
Fractal dimension: 1.3396579500243813
