[33mCounting circles[0m
20%		317m 46.29978488800043s remaining
40%		178m 44.47661365800013s remaining
60%		105m 55.43266260099972s remaining
80%		49m 39.28977788600014s remaining

Took 238m 20.101362108000103s to count circles

[33mDone counting circles![0m
sample points:
[252500000.0, 255000000.0, 257500000.0, 260000000.0, 262500000.0, 265000000.0, 267500000.0, 270000000.0, 272500000.0, 275000000.0, 277500000.0, 280000000.0, 282500000.0, 285000000.0, 287500000.0, 290000000.0, 292500000.0, 295000000.0, 297500000.0, 300000000.0, 302500000.0, 305000000.0, 307500000.0, 310000000.0, 312500000.0, 315000000.0, 317500000.0, 320000000.0, 322500000.0, 325000000.0, 327500000.0, 330000000.0, 332500000.0, 335000000.0, 337500000.0, 340000000.0, 342500000.0, 345000000.0, 347500000.0, 350000000.0, 352500000.0, 355000000.0, 357500000.0, 360000000.0, 362500000.0, 365000000.0, 367500000.0, 370000000.0, 372500000.0, 375000000.0, 377500000.0, 380000000.0, 382500000.0, 385000000.0, 387500000.0, 390000000.0, 392500000.0, 395000000.0, 397500000.0, 400000000.0, 402500000.0, 405000000.0, 407500000.0, 410000000.0, 412500000.0, 415000000.0, 417500000.0, 420000000.0, 422500000.0, 425000000.0, 427500000.0, 430000000.0, 432500000.0, 435000000.0, 437500000.0, 440000000.0, 442500000.0, 445000000.0, 447500000.0, 450000000.0, 452500000.0, 455000000.0, 457500000.0, 460000000.0, 462500000.0, 465000000.0, 467500000.0, 470000000.0, 472500000.0, 475000000.0, 477500000.0, 480000000.0, 482500000.0, 485000000.0, 487500000.0, 490000000.0, 492500000.0, 495000000.0, 497500000.0, 500000000.0]

number of circles fewer than each of those sample points:
[10783831230, 10926646232, 11069931261, 11213708354, 11357922519, 11502616734, 11647752649, 11793351818, 11939409815, 12085921443, 12232850936, 12380281545, 12528095514, 12676338417, 12825027451, 12974149661, 13123708620, 13273658533, 13424041604, 13574888787, 13726185849, 13877909882, 14030014855, 14182515287, 14335450306, 14488814081, 14642580218, 14796702843, 14951242672, 15106201586, 15261595990, 15417373554, 15573505481, 15730056971, 15887016449, 16044351240, 16202042005, 16360153975, 16518665622, 16677547317, 16836818772, 16996447752, 17156507183, 17316931798, 17477695179, 17638839290, 17800388977, 17962271404, 18124512417, 18287125910, 18450085752, 18613459389, 18777157232, 18941221630, 19105618841, 19270404249, 19435555580, 19601048232, 19766881599, 19933102882, 20099638031, 20266551569, 20433821131, 20601421401, 20769311394, 20937543204, 21106136951, 21275061262, 21444299464, 21613856024, 21783788407, 21954038588, 22124587439, 22295506823, 22466690091, 22638264308, 22810202386, 22982449674, 23154995292, 23327868050, 23501061179, 23674554810, 23848438158, 24022602223, 24197064677, 24371882644, 24547006866, 24722473495, 24898257361, 25074329311, 25250741336, 25427434384, 25604435160, 25781747802, 25959352027, 26137246925, 26315466533, 26494009845, 26672861028, 26851991539]

[33mBuilt regression model![0m
Model info:
	r^2:		0.9999999996410494
	p-value:	0
	intercept:	-2.733039425905808
	slope:	1.3353214942384743
Fractal dimension: 1.3353214942384743
