[33mCounting circles[0m
7%		0.055366948s remaining
14%		0.028270938s remaining
21%		0.018174826s remaining
29%		0.012830482s remaining
36%		0.009645591s remaining
43%		0.007688677s remaining
50%		0.006294676s remaining
57%		0.005123917s remaining
64%		0.003975248s remaining
71%		0.00294368s remaining
79%		0.002054697s remaining
86%		0.001303363s remaining
93%		0.000643671s remaining

Took 0.008914879s to count circles

[33mDone counting circles![0m
sample points:
[505.0, 510.0, 515.0, 520.0, 525.0, 530.0, 535.0, 540.0, 545.0, 550.0, 555.0, 560.0, 565.0, 570.0, 575.0, 580.0, 585.0, 590.0, 595.0, 600.0, 605.0, 610.0, 615.0, 620.0, 625.0, 630.0, 635.0, 640.0, 645.0, 650.0, 655.0, 660.0, 665.0, 670.0, 675.0, 680.0, 685.0, 690.0, 695.0, 700.0, 705.0, 710.0, 715.0, 720.0, 725.0, 730.0, 735.0, 740.0, 745.0, 750.0, 755.0, 760.0, 765.0, 770.0, 775.0, 780.0, 785.0, 790.0, 795.0, 800.0, 805.0, 810.0, 815.0, 820.0, 825.0, 830.0, 835.0, 840.0, 845.0, 850.0, 855.0, 860.0, 865.0, 870.0, 875.0, 880.0, 885.0, 890.0, 895.0, 900.0, 905.0, 910.0, 915.0, 920.0, 925.0, 930.0, 935.0, 940.0, 945.0, 950.0, 955.0, 960.0, 965.0, 970.0, 975.0, 980.0, 985.0, 990.0, 995.0, 1000.0]

number of circles fewer than each of those sample points:
[258, 259, 260, 261, 263, 269, 272, 274, 275, 277, 280, 283, 287, 291, 292, 297, 300, 303, 305, 309, 313, 318, 322, 332, 334, 339, 342, 345, 348, 355, 359, 364, 366, 370, 374, 377, 382, 386, 391, 399, 403, 408, 410, 414, 416, 419, 422, 426, 427, 433, 438, 444, 447, 452, 456, 461, 463, 466, 466, 470, 473, 480, 485, 488, 493, 499, 503, 506, 509, 517, 524, 529, 539, 547, 553, 558, 562, 567, 568, 573, 577, 582, 584, 585, 589, 594, 598, 599, 604, 608, 611, 615, 619, 625, 632, 633, 636, 640, 641, 645]

[33mBuilt regression model![0m
Model info:
	r^2:		0.9981521993865066
	p-value:	0.0000000000000000000000000000000000000000000000000000000000000000000000000000000000000000000000000000000000000000000000000000000000000009369425593043148
	intercept:	-3.3711701979401227
	slope:	1.4268047052242334
Fractal dimension: 1.4268047052242334
