[33mCounting circles[0m
8%		0.023392963s remaining
17%		0.01266926s remaining
25%		0.008335893s remaining
33%		0.00598292s remaining
42%		0.004706566s remaining
50%		0.00381284s remaining
58%		0.003111897s remaining
67%		0.002327559s remaining
75%		0.001624482s remaining
83%		0.001031631s remaining
92%		0.000509134s remaining

Took 0.006042221s to count circles

[33mDone counting circles![0m
sample points:
[505.0, 510.0, 515.0, 520.0, 525.0, 530.0, 535.0, 540.0, 545.0, 550.0, 555.0, 560.0, 565.0, 570.0, 575.0, 580.0, 585.0, 590.0, 595.0, 600.0, 605.0, 610.0, 615.0, 620.0, 625.0, 630.0, 635.0, 640.0, 645.0, 650.0, 655.0, 660.0, 665.0, 670.0, 675.0, 680.0, 685.0, 690.0, 695.0, 700.0, 705.0, 710.0, 715.0, 720.0, 725.0, 730.0, 735.0, 740.0, 745.0, 750.0, 755.0, 760.0, 765.0, 770.0, 775.0, 780.0, 785.0, 790.0, 795.0, 800.0, 805.0, 810.0, 815.0, 820.0, 825.0, 830.0, 835.0, 840.0, 845.0, 850.0, 855.0, 860.0, 865.0, 870.0, 875.0, 880.0, 885.0, 890.0, 895.0, 900.0, 905.0, 910.0, 915.0, 920.0, 925.0, 930.0, 935.0, 940.0, 945.0, 950.0, 955.0, 960.0, 965.0, 970.0, 975.0, 980.0, 985.0, 990.0, 995.0, 1000.0]

number of circles fewer than each of those sample points:
[250, 254, 258, 261, 266, 270, 272, 276, 277, 280, 281, 283, 285, 288, 293, 295, 296, 304, 308, 310, 314, 316, 319, 323, 334, 336, 340, 342, 348, 351, 353, 359, 364, 367, 371, 378, 382, 385, 391, 395, 398, 405, 407, 411, 413, 415, 417, 421, 427, 430, 434, 437, 442, 445, 448, 453, 455, 458, 460, 463, 469, 476, 479, 485, 491, 492, 496, 500, 507, 508, 510, 512, 517, 519, 524, 531, 536, 542, 546, 549, 552, 559, 562, 569, 570, 573, 579, 583, 586, 589, 596, 601, 606, 610, 613, 615, 621, 622, 625, 629]

[33mBuilt regression model![0m
Model info:
	r^2:		0.9988601353157189
	p-value:	0.00000000000000000000000000000000000000000000000000000000000000000000000000000000000000000000000000000000000000000000000000000000000000000000000004912170964356049
	intercept:	-3.027477184517923
	slope:	1.3724457273578357
Fractal dimension: 1.3724457273578357
