[33mCounting circles[0m
6%		0.066374369s remaining
13%		0.034711145s remaining
19%		0.022571028s remaining
25%		0.016057134s remaining
31%		0.012089019s remaining
38%		0.009538753s remaining
44%		0.007916572s remaining
50%		0.006728013s remaining
56%		0.005682609s remaining
63%		0.004593047s remaining
69%		0.003560479s remaining
75%		0.002656054s remaining
81%		0.001876373s remaining
88%		0.001201772s remaining
94%		0.000598293s remaining

Took 0.009551988s to count circles

[33mDone counting circles![0m
sample points:
[505.0, 510.0, 515.0, 520.0, 525.0, 530.0, 535.0, 540.0, 545.0, 550.0, 555.0, 560.0, 565.0, 570.0, 575.0, 580.0, 585.0, 590.0, 595.0, 600.0, 605.0, 610.0, 615.0, 620.0, 625.0, 630.0, 635.0, 640.0, 645.0, 650.0, 655.0, 660.0, 665.0, 670.0, 675.0, 680.0, 685.0, 690.0, 695.0, 700.0, 705.0, 710.0, 715.0, 720.0, 725.0, 730.0, 735.0, 740.0, 745.0, 750.0, 755.0, 760.0, 765.0, 770.0, 775.0, 780.0, 785.0, 790.0, 795.0, 800.0, 805.0, 810.0, 815.0, 820.0, 825.0, 830.0, 835.0, 840.0, 845.0, 850.0, 855.0, 860.0, 865.0, 870.0, 875.0, 880.0, 885.0, 890.0, 895.0, 900.0, 905.0, 910.0, 915.0, 920.0, 925.0, 930.0, 935.0, 940.0, 945.0, 950.0, 955.0, 960.0, 965.0, 970.0, 975.0, 980.0, 985.0, 990.0, 995.0, 1000.0]

number of circles fewer than each of those sample points:
[262, 264, 268, 271, 273, 274, 278, 280, 282, 284, 285, 287, 291, 294, 294, 300, 303, 307, 312, 321, 326, 331, 334, 335, 338, 344, 347, 352, 355, 359, 363, 364, 371, 377, 381, 384, 390, 394, 395, 400, 403, 407, 413, 414, 418, 426, 427, 433, 435, 440, 442, 446, 450, 451, 457, 460, 463, 465, 473, 477, 486, 489, 491, 497, 502, 507, 514, 516, 520, 526, 533, 539, 544, 546, 550, 554, 561, 571, 575, 581, 589, 591, 597, 600, 604, 604, 605, 607, 610, 615, 619, 622, 626, 627, 629, 632, 636, 638, 642, 647]

[33mBuilt regression model![0m
Model info:
	r^2:		0.9977109724299279
	p-value:	0.000000000000000000000000000000000000000000000000000000000000000000000000000000000000000000000000000000000000000000000000000000000033775902693548525
	intercept:	-3.2061848330063376
	slope:	1.403871984129419
Fractal dimension: 1.403871984129419
