[33mCounting circles[0m
10%		0.023908536s remaining
20%		0.01211708s remaining
30%		0.0077267s remaining
40%		0.005508349s remaining
50%		0.004053032s remaining
60%		0.00297627s remaining
70%		0.002056544s remaining
80%		0.001278525s remaining
90%		0.000612792s remaining

Took 0.005888936s to count circles

[33mDone counting circles![0m
sample points:
[505.0, 510.0, 515.0, 520.0, 525.0, 530.0, 535.0, 540.0, 545.0, 550.0, 555.0, 560.0, 565.0, 570.0, 575.0, 580.0, 585.0, 590.0, 595.0, 600.0, 605.0, 610.0, 615.0, 620.0, 625.0, 630.0, 635.0, 640.0, 645.0, 650.0, 655.0, 660.0, 665.0, 670.0, 675.0, 680.0, 685.0, 690.0, 695.0, 700.0, 705.0, 710.0, 715.0, 720.0, 725.0, 730.0, 735.0, 740.0, 745.0, 750.0, 755.0, 760.0, 765.0, 770.0, 775.0, 780.0, 785.0, 790.0, 795.0, 800.0, 805.0, 810.0, 815.0, 820.0, 825.0, 830.0, 835.0, 840.0, 845.0, 850.0, 855.0, 860.0, 865.0, 870.0, 875.0, 880.0, 885.0, 890.0, 895.0, 900.0, 905.0, 910.0, 915.0, 920.0, 925.0, 930.0, 935.0, 940.0, 945.0, 950.0, 955.0, 960.0, 965.0, 970.0, 975.0, 980.0, 985.0, 990.0, 995.0, 1000.0]

number of circles fewer than each of those sample points:
[236, 241, 245, 252, 253, 256, 257, 264, 269, 274, 276, 280, 283, 295, 299, 303, 304, 307, 308, 310, 313, 315, 320, 326, 332, 338, 340, 344, 348, 352, 356, 361, 367, 372, 376, 379, 382, 386, 390, 391, 397, 399, 405, 408, 413, 415, 419, 428, 433, 437, 443, 446, 450, 456, 463, 465, 466, 470, 473, 478, 481, 485, 487, 489, 492, 497, 501, 504, 507, 510, 514, 521, 523, 525, 529, 535, 541, 546, 548, 553, 555, 557, 558, 564, 566, 570, 572, 580, 583, 586, 592, 594, 597, 600, 607, 614, 616, 621, 626, 630]

[33mBuilt regression model![0m
Model info:
	r^2:		0.996725119282035
	p-value:	0.0000000000000000000000000000000000000000000000000000000000000000000000000000000000000000000000000000000000000000000000000014141517037390023
	intercept:	-3.268522097028754
	slope:	1.408978366696069
Fractal dimension: 1.408978366696069
