[33mCounting circles[0m
13%		0.016235016s remaining
25%		0.008206346s remaining
38%		0.005233856s remaining
50%		0.003567334s remaining
63%		0.002375737s remaining
75%		0.001461502s remaining
88%		0.000683913s remaining

Took 0.005120637s to count circles

[33mDone counting circles![0m
sample points:
[505.0, 510.0, 515.0, 520.0, 525.0, 530.0, 535.0, 540.0, 545.0, 550.0, 555.0, 560.0, 565.0, 570.0, 575.0, 580.0, 585.0, 590.0, 595.0, 600.0, 605.0, 610.0, 615.0, 620.0, 625.0, 630.0, 635.0, 640.0, 645.0, 650.0, 655.0, 660.0, 665.0, 670.0, 675.0, 680.0, 685.0, 690.0, 695.0, 700.0, 705.0, 710.0, 715.0, 720.0, 725.0, 730.0, 735.0, 740.0, 745.0, 750.0, 755.0, 760.0, 765.0, 770.0, 775.0, 780.0, 785.0, 790.0, 795.0, 800.0, 805.0, 810.0, 815.0, 820.0, 825.0, 830.0, 835.0, 840.0, 845.0, 850.0, 855.0, 860.0, 865.0, 870.0, 875.0, 880.0, 885.0, 890.0, 895.0, 900.0, 905.0, 910.0, 915.0, 920.0, 925.0, 930.0, 935.0, 940.0, 945.0, 950.0, 955.0, 960.0, 965.0, 970.0, 975.0, 980.0, 985.0, 990.0, 995.0, 1000.0]

number of circles fewer than each of those sample points:
[250, 252, 262, 266, 268, 270, 273, 280, 282, 283, 287, 292, 298, 300, 305, 313, 318, 320, 324, 326, 331, 331, 332, 335, 340, 341, 343, 345, 348, 354, 361, 363, 363, 368, 376, 378, 379, 384, 389, 392, 393, 397, 409, 412, 420, 424, 430, 432, 435, 437, 439, 443, 453, 457, 461, 468, 476, 481, 486, 491, 491, 497, 502, 503, 515, 519, 521, 522, 524, 527, 529, 538, 540, 544, 550, 553, 555, 556, 565, 570, 572, 577, 583, 588, 594, 599, 603, 606, 609, 615, 621, 623, 634, 637, 647, 650, 652, 666, 666, 670]

[33mBuilt regression model![0m
Model info:
	r^2:		0.9982527827041289
	p-value:	0.00000000000000000000000000000000000000000000000000000000000000000000000000000000000000000000000000000000000000000000000000000000000000006033792505446269
	intercept:	-3.3221585701235923
	slope:	1.421583471132899
Fractal dimension: 1.421583471132899
