[33mCounting circles[0m
13%		42m 2.4149488299999575s remaining
25%		36m 1.8797571199997947s remaining
38%		30m 1.456960701000071s remaining
50%		24m 1.1431714200000442s remaining
63%		18m 0.8501134079999701s remaining
75%		12m 0.5433603430000176s remaining
88%		6m 0.2673583949999738s remaining

Took 48m 1.9172686669999166s to count circles

[33mDone counting circles![0m
sample points:
[25250000.0, 25500000.0, 25750000.0, 26000000.0, 26250000.0, 26500000.0, 26750000.0, 27000000.0, 27250000.0, 27500000.0, 27750000.0, 28000000.0, 28250000.0, 28500000.0, 28750000.0, 29000000.0, 29250000.0, 29500000.0, 29750000.0, 30000000.0, 30250000.0, 30500000.0, 30750000.0, 31000000.0, 31250000.0, 31500000.0, 31750000.0, 32000000.0, 32250000.0, 32500000.0, 32750000.0, 33000000.0, 33250000.0, 33500000.0, 33750000.0, 34000000.0, 34250000.0, 34500000.0, 34750000.0, 35000000.0, 35250000.0, 35500000.0, 35750000.0, 36000000.0, 36250000.0, 36500000.0, 36750000.0, 37000000.0, 37250000.0, 37500000.0, 37750000.0, 38000000.0, 38250000.0, 38500000.0, 38750000.0, 39000000.0, 39250000.0, 39500000.0, 39750000.0, 40000000.0, 40250000.0, 40500000.0, 40750000.0, 41000000.0, 41250000.0, 41500000.0, 41750000.0, 42000000.0, 42250000.0, 42500000.0, 42750000.0, 43000000.0, 43250000.0, 43500000.0, 43750000.0, 44000000.0, 44250000.0, 44500000.0, 44750000.0, 45000000.0, 45250000.0, 45500000.0, 45750000.0, 46000000.0, 46250000.0, 46500000.0, 46750000.0, 47000000.0, 47250000.0, 47500000.0, 47750000.0, 48000000.0, 48250000.0, 48500000.0, 48750000.0, 49000000.0, 49250000.0, 49500000.0, 49750000.0, 50000000.0]

number of circles fewer than each of those sample points:
[1653357274, 1677658292, 1702058430, 1726575354, 1751213667, 1775956721, 1800824945, 1825791585, 1850872157, 1876071606, 1901381737, 1926787975, 1952305796, 1977943580, 2003673522, 2029514578, 2055459243, 2081511738, 2107681264, 2133944991, 2160322223, 2186812595, 2213400517, 2240085611, 2266883493, 2293776101, 2320767642, 2347859388, 2375066346, 2402363845, 2429776397, 2457283647, 2484893305, 2512591441, 2540395464, 2568303447, 2596309368, 2624411876, 2652606856, 2680901057, 2709305096, 2737787367, 2766385535, 2795072885, 2823852510, 2852722971, 2881689532, 2910754706, 2939924914, 2969174171, 2998517270, 3027952711, 3057486429, 3087122296, 3116842665, 3146654676, 3176557658, 3206549355, 3236627287, 3266799168, 3297060568, 3327427433, 3357880769, 3388424280, 3419036978, 3449753680, 3480562055, 3511467490, 3542451241, 3573518954, 3604680437, 3635918391, 3667247446, 3698663212, 3730188004, 3761786169, 3793481865, 3825254914, 3857097021, 3889033024, 3921055524, 3953151826, 3985352764, 4017626830, 4049995749, 4082455862, 4114994891, 4147612389, 4180307297, 4213095714, 4245969887, 4278913494, 4311933683, 4345037934, 4378238970, 4411514602, 4444872080, 4478307253, 4511821889, 4545436406]

[33mBuilt regression model![0m
Model info:
	r^2:		0.9999999998182101
	p-value:	0
	intercept:	-4.003714072936063
	slope:	1.480245458431498
Fractal dimension: 1.480245458431498
