[33mCounting circles[0m
8%		55m 1.1613208970002233s remaining
17%		50m 3.1224506190001193s remaining
25%		45m 1.9820784509997793s remaining
33%		40m 1.0781900599999972s remaining
42%		35m 0.5479175119999127s remaining
50%		30m 0.19459719299993594s remaining
58%		24m 59.97053214199991s remaining
67%		19m 59.837736578999966s remaining
75%		14m 59.792759810999996s remaining
83%		9m 59.815810848999945s remaining
92%		4m 59.90164856199999s remaining

Took 59m 58.74327557200013s to count circles

[33mDone counting circles![0m
sample points:
[25250000.0, 25500000.0, 25750000.0, 26000000.0, 26250000.0, 26500000.0, 26750000.0, 27000000.0, 27250000.0, 27500000.0, 27750000.0, 28000000.0, 28250000.0, 28500000.0, 28750000.0, 29000000.0, 29250000.0, 29500000.0, 29750000.0, 30000000.0, 30250000.0, 30500000.0, 30750000.0, 31000000.0, 31250000.0, 31500000.0, 31750000.0, 32000000.0, 32250000.0, 32500000.0, 32750000.0, 33000000.0, 33250000.0, 33500000.0, 33750000.0, 34000000.0, 34250000.0, 34500000.0, 34750000.0, 35000000.0, 35250000.0, 35500000.0, 35750000.0, 36000000.0, 36250000.0, 36500000.0, 36750000.0, 37000000.0, 37250000.0, 37500000.0, 37750000.0, 38000000.0, 38250000.0, 38500000.0, 38750000.0, 39000000.0, 39250000.0, 39500000.0, 39750000.0, 40000000.0, 40250000.0, 40500000.0, 40750000.0, 41000000.0, 41250000.0, 41500000.0, 41750000.0, 42000000.0, 42250000.0, 42500000.0, 42750000.0, 43000000.0, 43250000.0, 43500000.0, 43750000.0, 44000000.0, 44250000.0, 44500000.0, 44750000.0, 45000000.0, 45250000.0, 45500000.0, 45750000.0, 46000000.0, 46250000.0, 46500000.0, 46750000.0, 47000000.0, 47250000.0, 47500000.0, 47750000.0, 48000000.0, 48250000.0, 48500000.0, 48750000.0, 49000000.0, 49250000.0, 49500000.0, 49750000.0, 50000000.0]

number of circles fewer than each of those sample points:
[627823827, 636374777, 644957560, 653571498, 662214283, 670886480, 679591594, 688324153, 697086211, 705885077, 714716918, 723572792, 732458687, 741372627, 750312934, 759285936, 768289834, 777317901, 786376164, 795464802, 804579451, 813719585, 822890673, 832086141, 841313001, 850569519, 859850266, 869153845, 878492834, 887850758, 897239354, 906655465, 916098278, 925565115, 935063900, 944586842, 954136089, 963710819, 973307417, 982934531, 992592557, 1002273208, 1011972788, 1021696779, 1031443179, 1041216770, 1051020994, 1060850048, 1070700866, 1080577784, 1090474470, 1100395238, 1110344517, 1120320260, 1130321977, 1140345378, 1150391775, 1160463597, 1170556736, 1180671721, 1190813495, 1200976356, 1211169401, 1221390583, 1231626996, 1241890120, 1252171134, 1262486807, 1272815568, 1283159935, 1293532739, 1303928653, 1314347236, 1324786003, 1335253722, 1345738758, 1356249373, 1366773743, 1377325783, 1387903458, 1398504424, 1409123566, 1419757757, 1430420853, 1441107778, 1451817263, 1462549638, 1473298847, 1484069133, 1494858777, 1505670664, 1516501703, 1527357365, 1538231975, 1549130687, 1560047283, 1570992690, 1581953658, 1592940928, 1603944246]

[33mBuilt regression model![0m
Model info:
	r^2:		0.9999999988104873
	p-value:	0
	intercept:	-3.14148620313858
	slope:	1.37284722531795
Fractal dimension: 1.37284722531795
