[33mCounting circles[0m
17%		14m 57.89407015500001s remaining
33%		11m 58.46498269999995s remaining
50%		8m 58.82547528800001s remaining
67%		5m 59.221264814999984s remaining
83%		2m 59.679322098s remaining

Took 17m 58.304498391999914s to count circles

[33mDone counting circles![0m
sample points:
[25250000.0, 25500000.0, 25750000.0, 26000000.0, 26250000.0, 26500000.0, 26750000.0, 27000000.0, 27250000.0, 27500000.0, 27750000.0, 28000000.0, 28250000.0, 28500000.0, 28750000.0, 29000000.0, 29250000.0, 29500000.0, 29750000.0, 30000000.0, 30250000.0, 30500000.0, 30750000.0, 31000000.0, 31250000.0, 31500000.0, 31750000.0, 32000000.0, 32250000.0, 32500000.0, 32750000.0, 33000000.0, 33250000.0, 33500000.0, 33750000.0, 34000000.0, 34250000.0, 34500000.0, 34750000.0, 35000000.0, 35250000.0, 35500000.0, 35750000.0, 36000000.0, 36250000.0, 36500000.0, 36750000.0, 37000000.0, 37250000.0, 37500000.0, 37750000.0, 38000000.0, 38250000.0, 38500000.0, 38750000.0, 39000000.0, 39250000.0, 39500000.0, 39750000.0, 40000000.0, 40250000.0, 40500000.0, 40750000.0, 41000000.0, 41250000.0, 41500000.0, 41750000.0, 42000000.0, 42250000.0, 42500000.0, 42750000.0, 43000000.0, 43250000.0, 43500000.0, 43750000.0, 44000000.0, 44250000.0, 44500000.0, 44750000.0, 45000000.0, 45250000.0, 45500000.0, 45750000.0, 46000000.0, 46250000.0, 46500000.0, 46750000.0, 47000000.0, 47250000.0, 47500000.0, 47750000.0, 48000000.0, 48250000.0, 48500000.0, 48750000.0, 49000000.0, 49250000.0, 49500000.0, 49750000.0, 50000000.0]

number of circles fewer than each of those sample points:
[498252314, 504851094, 511468157, 518112705, 524775460, 531464510, 538168723, 544897434, 551642288, 558405890, 565187181, 572004238, 578829302, 585679500, 592550417, 599444939, 606360433, 613294215, 620245511, 627210553, 634213393, 641219241, 648250884, 655294113, 662359084, 669453823, 676560471, 683679010, 690824335, 697977086, 705151972, 712352197, 719573922, 726804224, 734048164, 741311420, 748604361, 755914048, 763235095, 770577273, 777930617, 785304231, 792699426, 800105643, 807536630, 814979329, 822441051, 829917989, 837409375, 844922859, 852447937, 859990959, 867551061, 875126406, 882729640, 890345914, 897976003, 905619608, 913283467, 920966382, 928662955, 936369457, 944096024, 951833635, 959599404, 967369317, 975160962, 982978254, 990791556, 998628317, 1006481753, 1014342555, 1022219413, 1030123668, 1038042463, 1045966345, 1053906913, 1061873944, 1069845214, 1077833770, 1085843186, 1093862215, 1101904119, 1109956550, 1118027372, 1126108399, 1134194619, 1142299923, 1150423868, 1158554517, 1166701736, 1174859536, 1183036746, 1191224003, 1199429123, 1207655125, 1215890924, 1224128080, 1232400126, 1240675768]

[33mBuilt regression model![0m
Model info:
	r^2:		0.9999999973241187
	p-value:	0
	intercept:	-2.73322404571449
	slope:	1.3353318978310815
Fractal dimension: 1.3353318978310815
