[33mCounting circles[0m
9%		5m 14.945763559999989s remaining
18%		2m 39.160601523999986s remaining
27%		1m 45.063718769999994s remaining
36%		1m 16.079909414s remaining
45%		56.989853872s remaining
55%		42.77586324s remaining
64%		31.400735397s remaining
73%		21.896067255s remaining
82%		13.725848353s remaining
91%		6.523086485s remaining

Took 1m 8.888338719000004s to count circles

[33mDone counting circles![0m
sample points:
[5050000.0, 5100000.0, 5150000.0, 5200000.0, 5250000.0, 5300000.0, 5350000.0, 5400000.0, 5450000.0, 5500000.0, 5550000.0, 5600000.0, 5650000.0, 5700000.0, 5750000.0, 5800000.0, 5850000.0, 5900000.0, 5950000.0, 6000000.0, 6050000.0, 6100000.0, 6150000.0, 6200000.0, 6250000.0, 6300000.0, 6350000.0, 6400000.0, 6450000.0, 6500000.0, 6550000.0, 6600000.0, 6650000.0, 6700000.0, 6750000.0, 6800000.0, 6850000.0, 6900000.0, 6950000.0, 7000000.0, 7050000.0, 7100000.0, 7150000.0, 7200000.0, 7250000.0, 7300000.0, 7350000.0, 7400000.0, 7450000.0, 7500000.0, 7550000.0, 7600000.0, 7650000.0, 7700000.0, 7750000.0, 7800000.0, 7850000.0, 7900000.0, 7950000.0, 8000000.0, 8050000.0, 8100000.0, 8150000.0, 8200000.0, 8250000.0, 8300000.0, 8350000.0, 8400000.0, 8450000.0, 8500000.0, 8550000.0, 8600000.0, 8650000.0, 8700000.0, 8750000.0, 8800000.0, 8850000.0, 8900000.0, 8950000.0, 9000000.0, 9050000.0, 9100000.0, 9150000.0, 9200000.0, 9250000.0, 9300000.0, 9350000.0, 9400000.0, 9450000.0, 9500000.0, 9550000.0, 9600000.0, 9650000.0, 9700000.0, 9750000.0, 9800000.0, 9850000.0, 9900000.0, 9950000.0, 10000000.0]

number of circles fewer than each of those sample points:
[23074853, 23377945, 23682180, 23988786, 24295395, 24604305, 24912656, 25221538, 25531877, 25844173, 26156453, 26470030, 26784100, 27099565, 27415113, 27731894, 28050303, 28368830, 28688563, 29009210, 29330889, 29653361, 29976209, 30301026, 30624437, 30950291, 31276978, 31603653, 31933023, 32262040, 32591157, 32921524, 33253215, 33584915, 33918375, 34251753, 34586699, 34921841, 35258417, 35596309, 35934421, 36273104, 36612033, 36952414, 37292979, 37635526, 37978081, 38321467, 38665449, 39011072, 39357050, 39702709, 40049890, 40397778, 40746079, 41095758, 41445822, 41796687, 42148441, 42500390, 42853335, 43206554, 43560505, 43915680, 44270227, 44626812, 44983626, 45341184, 45700262, 46060073, 46420118, 46780340, 47142315, 47505662, 47869459, 48232555, 48596247, 48960853, 49327114, 49693740, 50060305, 50427169, 50795215, 51164398, 51532675, 51902031, 52272555, 52644557, 53017426, 53389927, 53763101, 54137969, 54513643, 54889354, 55265433, 55641834, 56019846, 56398032, 56776795, 57154699]

[33mBuilt regression model![0m
Model info:
	r^2:		0.9999999910599789
	p-value:	0
	intercept:	-3.5361426021545803
	slope:	1.3275381236464552
Fractal dimension: 1.3275381236464552
