[33mCounting circles[0m
13%		3m 16.007934374s remaining
25%		1m 40.318965639s remaining
38%		1m 4.805863955000007s remaining
50%		44.291511514s remaining
63%		29.840171915s remaining
75%		18.39016017s remaining
88%		8.658267142s remaining

Took 1m 6.036394465000001s to count circles

[33mDone counting circles![0m
sample points:
[5050000.0, 5100000.0, 5150000.0, 5200000.0, 5250000.0, 5300000.0, 5350000.0, 5400000.0, 5450000.0, 5500000.0, 5550000.0, 5600000.0, 5650000.0, 5700000.0, 5750000.0, 5800000.0, 5850000.0, 5900000.0, 5950000.0, 6000000.0, 6050000.0, 6100000.0, 6150000.0, 6200000.0, 6250000.0, 6300000.0, 6350000.0, 6400000.0, 6450000.0, 6500000.0, 6550000.0, 6600000.0, 6650000.0, 6700000.0, 6750000.0, 6800000.0, 6850000.0, 6900000.0, 6950000.0, 7000000.0, 7050000.0, 7100000.0, 7150000.0, 7200000.0, 7250000.0, 7300000.0, 7350000.0, 7400000.0, 7450000.0, 7500000.0, 7550000.0, 7600000.0, 7650000.0, 7700000.0, 7750000.0, 7800000.0, 7850000.0, 7900000.0, 7950000.0, 8000000.0, 8050000.0, 8100000.0, 8150000.0, 8200000.0, 8250000.0, 8300000.0, 8350000.0, 8400000.0, 8450000.0, 8500000.0, 8550000.0, 8600000.0, 8650000.0, 8700000.0, 8750000.0, 8800000.0, 8850000.0, 8900000.0, 8950000.0, 9000000.0, 9050000.0, 9100000.0, 9150000.0, 9200000.0, 9250000.0, 9300000.0, 9350000.0, 9400000.0, 9450000.0, 9500000.0, 9550000.0, 9600000.0, 9650000.0, 9700000.0, 9750000.0, 9800000.0, 9850000.0, 9900000.0, 9950000.0, 10000000.0]

number of circles fewer than each of those sample points:
[29943297, 30339953, 30737131, 31137170, 31537165, 31938725, 32340905, 32743918, 33149715, 33556077, 33964290, 34374009, 34783755, 35195558, 35608427, 36022733, 36436801, 36854043, 37272611, 37691685, 38111680, 38532924, 38956416, 39380247, 39805373, 40231236, 40657216, 41085841, 41515657, 41945608, 42377414, 42809751, 43242713, 43677147, 44112648, 44549588, 44987102, 45424939, 45865548, 46306669, 46748964, 47192536, 47635465, 48081319, 48529037, 48976574, 49425096, 49874875, 50325887, 50777669, 51230772, 51683529, 52138997, 52593328, 53050746, 53508478, 53966899, 54426206, 54885725, 55346589, 55809603, 56272353, 56736437, 57201409, 57667516, 58135155, 58604571, 59074541, 59543481, 60014937, 60486112, 60957849, 61431792, 61906230, 62381679, 62857812, 63335239, 63812923, 64293366, 64772639, 65254705, 65736012, 66219149, 66701925, 67186713, 67672278, 68157277, 68644092, 69132224, 69621445, 70111629, 70603815, 71095939, 71588628, 72081598, 72574874, 73070840, 73566050, 74063077, 74559051]

[33mBuilt regression model![0m
Model info:
	r^2:		0.9999999917282787
	p-value:	0
	intercept:	-3.3965428637725488
	slope:	1.335371726957949
Fractal dimension: 1.335371726957949
