[33mCounting circles[0m
14%		2m 38.614314371999996s remaining
29%		1m 22.086291684000003s remaining
43%		52.274142998s remaining
57%		34.176941727s remaining
71%		20.778644674s remaining
86%		9.723482205s remaining

Took 1m 4.743006925000003s to count circles

[33mDone counting circles![0m
sample points:
[5050000.0, 5100000.0, 5150000.0, 5200000.0, 5250000.0, 5300000.0, 5350000.0, 5400000.0, 5450000.0, 5500000.0, 5550000.0, 5600000.0, 5650000.0, 5700000.0, 5750000.0, 5800000.0, 5850000.0, 5900000.0, 5950000.0, 6000000.0, 6050000.0, 6100000.0, 6150000.0, 6200000.0, 6250000.0, 6300000.0, 6350000.0, 6400000.0, 6450000.0, 6500000.0, 6550000.0, 6600000.0, 6650000.0, 6700000.0, 6750000.0, 6800000.0, 6850000.0, 6900000.0, 6950000.0, 7000000.0, 7050000.0, 7100000.0, 7150000.0, 7200000.0, 7250000.0, 7300000.0, 7350000.0, 7400000.0, 7450000.0, 7500000.0, 7550000.0, 7600000.0, 7650000.0, 7700000.0, 7750000.0, 7800000.0, 7850000.0, 7900000.0, 7950000.0, 8000000.0, 8050000.0, 8100000.0, 8150000.0, 8200000.0, 8250000.0, 8300000.0, 8350000.0, 8400000.0, 8450000.0, 8500000.0, 8550000.0, 8600000.0, 8650000.0, 8700000.0, 8750000.0, 8800000.0, 8850000.0, 8900000.0, 8950000.0, 9000000.0, 9050000.0, 9100000.0, 9150000.0, 9200000.0, 9250000.0, 9300000.0, 9350000.0, 9400000.0, 9450000.0, 9500000.0, 9550000.0, 9600000.0, 9650000.0, 9700000.0, 9750000.0, 9800000.0, 9850000.0, 9900000.0, 9950000.0, 10000000.0]

number of circles fewer than each of those sample points:
[34761471, 35223355, 35684966, 36148439, 36614628, 37081780, 37551349, 38023155, 38494821, 38968106, 39442725, 39918754, 40397939, 40877899, 41358542, 41840251, 42324003, 42809933, 43295294, 43782556, 44270637, 44761918, 45253276, 45745744, 46239175, 46735301, 47231741, 47729931, 48229094, 48730692, 49233218, 49737452, 50242197, 50748733, 51254763, 51763240, 52273667, 52785343, 53297526, 53810241, 54326354, 54841357, 55360705, 55878766, 56397881, 56918411, 57441217, 57963853, 58489056, 59016600, 59542504, 60071980, 60600951, 61132157, 61663503, 62197078, 62730466, 63265580, 63801768, 64340245, 64879464, 65418673, 65959659, 66501200, 67044231, 67588596, 68135215, 68682533, 69230065, 69777492, 70327488, 70877626, 71429991, 71983169, 72538312, 73093670, 73649919, 74206013, 74764204, 75323917, 75885500, 76445680, 77008497, 77572675, 78138223, 78703462, 79270518, 79838976, 80407119, 80975583, 81546388, 82118903, 82690916, 83265092, 83839615, 84414403, 84990388, 85569451, 86149030, 86728820]

[33mBuilt regression model![0m
Model info:
	r^2:		0.9999999938814506
	p-value:	0
	intercept:	-3.2913712559579302
	slope:	1.3382274863975396
Fractal dimension: 1.3382274863975396
