[33mCounting circles[0m
11%		3m 49.43077294400001s remaining
22%		1m 56.340090900999996s remaining
33%		1m 15.692518984000003s remaining
44%		53.08198136s remaining
56%		37.654235932s remaining
67%		25.810694878s remaining
78%		16.034689132s remaining
89%		7.57525202s remaining

Took 1m 5.109182525999998s to count circles

[33mDone counting circles![0m
sample points:
[5050000.0, 5100000.0, 5150000.0, 5200000.0, 5250000.0, 5300000.0, 5350000.0, 5400000.0, 5450000.0, 5500000.0, 5550000.0, 5600000.0, 5650000.0, 5700000.0, 5750000.0, 5800000.0, 5850000.0, 5900000.0, 5950000.0, 6000000.0, 6050000.0, 6100000.0, 6150000.0, 6200000.0, 6250000.0, 6300000.0, 6350000.0, 6400000.0, 6450000.0, 6500000.0, 6550000.0, 6600000.0, 6650000.0, 6700000.0, 6750000.0, 6800000.0, 6850000.0, 6900000.0, 6950000.0, 7000000.0, 7050000.0, 7100000.0, 7150000.0, 7200000.0, 7250000.0, 7300000.0, 7350000.0, 7400000.0, 7450000.0, 7500000.0, 7550000.0, 7600000.0, 7650000.0, 7700000.0, 7750000.0, 7800000.0, 7850000.0, 7900000.0, 7950000.0, 8000000.0, 8050000.0, 8100000.0, 8150000.0, 8200000.0, 8250000.0, 8300000.0, 8350000.0, 8400000.0, 8450000.0, 8500000.0, 8550000.0, 8600000.0, 8650000.0, 8700000.0, 8750000.0, 8800000.0, 8850000.0, 8900000.0, 8950000.0, 9000000.0, 9050000.0, 9100000.0, 9150000.0, 9200000.0, 9250000.0, 9300000.0, 9350000.0, 9400000.0, 9450000.0, 9500000.0, 9550000.0, 9600000.0, 9650000.0, 9700000.0, 9750000.0, 9800000.0, 9850000.0, 9900000.0, 9950000.0, 10000000.0]

number of circles fewer than each of those sample points:
[26811999, 27166799, 27521630, 27878008, 28235929, 28594064, 28954669, 29316418, 29677128, 30040259, 30404111, 30769663, 31136749, 31504316, 31872635, 32243201, 32613804, 32984729, 33357417, 33731259, 34106919, 34483264, 34860346, 35239170, 35618599, 35998752, 36379648, 36762366, 37145660, 37530478, 37916167, 38301972, 38688475, 39077206, 39465569, 39855740, 40246097, 40638292, 41030721, 41425425, 41821391, 42218309, 42614682, 43012044, 43409982, 43809928, 44210508, 44612581, 45013472, 45417245, 45820242, 46226493, 46632528, 47038550, 47446693, 47853837, 48264054, 48675045, 49086548, 49498444, 49911320, 50324660, 50738438, 51152469, 51567152, 51984656, 52401858, 52820594, 53240152, 53660491, 54080963, 54502590, 54925208, 55348725, 55772452, 56198294, 56623668, 57051215, 57477873, 57906211, 58334937, 58764444, 59195044, 59626230, 60057367, 60490693, 60924921, 61359227, 61794149, 62230282, 62666416, 63103155, 63540990, 63979199, 64420697, 64862418, 65303184, 65744107, 66187309, 66630508]

[33mBuilt regression model![0m
Model info:
	r^2:		0.999999978567591
	p-value:	0
	intercept:	-3.463952621395567
	slope:	1.3325817683113517
Fractal dimension: 1.3325817683113517
