[33mCounting circles[0m
17%		2m 9.04761142000001s remaining
33%		1m 8.495404182000001s remaining
50%		42.67068488s remaining
67%		25.551825894s remaining
83%		11.906704525s remaining

Took 1m 7.988628687000002s to count circles

[33mDone counting circles![0m
sample points:
[5050000.0, 5100000.0, 5150000.0, 5200000.0, 5250000.0, 5300000.0, 5350000.0, 5400000.0, 5450000.0, 5500000.0, 5550000.0, 5600000.0, 5650000.0, 5700000.0, 5750000.0, 5800000.0, 5850000.0, 5900000.0, 5950000.0, 6000000.0, 6050000.0, 6100000.0, 6150000.0, 6200000.0, 6250000.0, 6300000.0, 6350000.0, 6400000.0, 6450000.0, 6500000.0, 6550000.0, 6600000.0, 6650000.0, 6700000.0, 6750000.0, 6800000.0, 6850000.0, 6900000.0, 6950000.0, 7000000.0, 7050000.0, 7100000.0, 7150000.0, 7200000.0, 7250000.0, 7300000.0, 7350000.0, 7400000.0, 7450000.0, 7500000.0, 7550000.0, 7600000.0, 7650000.0, 7700000.0, 7750000.0, 7800000.0, 7850000.0, 7900000.0, 7950000.0, 8000000.0, 8050000.0, 8100000.0, 8150000.0, 8200000.0, 8250000.0, 8300000.0, 8350000.0, 8400000.0, 8450000.0, 8500000.0, 8550000.0, 8600000.0, 8650000.0, 8700000.0, 8750000.0, 8800000.0, 8850000.0, 8900000.0, 8950000.0, 9000000.0, 9050000.0, 9100000.0, 9150000.0, 9200000.0, 9250000.0, 9300000.0, 9350000.0, 9400000.0, 9450000.0, 9500000.0, 9550000.0, 9600000.0, 9650000.0, 9700000.0, 9750000.0, 9800000.0, 9850000.0, 9900000.0, 9950000.0, 10000000.0]

number of circles fewer than each of those sample points:
[42850877, 43420927, 43990887, 44563584, 45138211, 45714431, 46293104, 46873772, 47455570, 48039274, 48625650, 49214066, 49803350, 50394849, 50988613, 51583879, 52179362, 52777299, 53377613, 53979075, 54582220, 55187181, 55794053, 56402407, 57011766, 57623296, 58238264, 58853570, 59470487, 60089475, 60709492, 61331152, 61954226, 62580243, 63205599, 63834015, 64463672, 65094260, 65726338, 66360118, 66994804, 67632954, 68272938, 68913425, 69555568, 70197782, 70842314, 71487834, 72135773, 72785394, 73436647, 74089574, 74743778, 75399081, 76055478, 76713770, 77373149, 78033759, 78696580, 79360338, 80027509, 80693723, 81360645, 82029883, 82701401, 83372604, 84044253, 84719765, 85396004, 86073171, 86752552, 87432249, 88113815, 88796361, 89480368, 90165811, 90853451, 91541790, 92231711, 92922612, 93614745, 94307438, 95001357, 95697792, 96395950, 97094488, 97793144, 98496381, 99198911, 99902335, 100608445, 101315944, 102024437, 102733747, 103444467, 104155890, 104868298, 105581001, 106296133, 107011852]

[33mBuilt regression model![0m
Model info:
	r^2:		0.9999999959216159
	p-value:	0
	intercept:	-3.1038205133647274
	slope:	1.339627872900268
Fractal dimension: 1.339627872900268
