[33mCounting circles[0m
8%		7m 1.101550341999996s remaining
17%		6m 22.02600042900002s remaining
25%		5m 43.35126185399997s remaining
33%		5m 5.120635816000004s remaining
42%		4m 27.097423196000022s remaining
50%		3m 49.084969379s remaining
58%		3m 10.979771034999999s remaining
67%		2m 32.750342657999994s remaining
75%		1m 54.518557723s remaining
83%		1m 16.330611028000007s remaining
92%		38.173311846s remaining

Took 7m 38.25609392400003s to count circles

[33mDone counting circles![0m
sample points:
[5050000.0, 5100000.0, 5150000.0, 5200000.0, 5250000.0, 5300000.0, 5350000.0, 5400000.0, 5450000.0, 5500000.0, 5550000.0, 5600000.0, 5650000.0, 5700000.0, 5750000.0, 5800000.0, 5850000.0, 5900000.0, 5950000.0, 6000000.0, 6050000.0, 6100000.0, 6150000.0, 6200000.0, 6250000.0, 6300000.0, 6350000.0, 6400000.0, 6450000.0, 6500000.0, 6550000.0, 6600000.0, 6650000.0, 6700000.0, 6750000.0, 6800000.0, 6850000.0, 6900000.0, 6950000.0, 7000000.0, 7050000.0, 7100000.0, 7150000.0, 7200000.0, 7250000.0, 7300000.0, 7350000.0, 7400000.0, 7450000.0, 7500000.0, 7550000.0, 7600000.0, 7650000.0, 7700000.0, 7750000.0, 7800000.0, 7850000.0, 7900000.0, 7950000.0, 8000000.0, 8050000.0, 8100000.0, 8150000.0, 8200000.0, 8250000.0, 8300000.0, 8350000.0, 8400000.0, 8450000.0, 8500000.0, 8550000.0, 8600000.0, 8650000.0, 8700000.0, 8750000.0, 8800000.0, 8850000.0, 8900000.0, 8950000.0, 9000000.0, 9050000.0, 9100000.0, 9150000.0, 9200000.0, 9250000.0, 9300000.0, 9350000.0, 9400000.0, 9450000.0, 9500000.0, 9550000.0, 9600000.0, 9650000.0, 9700000.0, 9750000.0, 9800000.0, 9850000.0, 9900000.0, 9950000.0, 10000000.0]

number of circles fewer than each of those sample points:
[197355817, 200354525, 203367907, 206396036, 209444988, 212508513, 215586129, 218676929, 221789543, 224912927, 228052479, 231207168, 234374186, 237559160, 240757147, 243968915, 247198492, 250442676, 253699569, 256971056, 260257750, 263563079, 266878668, 270205988, 273549797, 276906143, 280277891, 283664706, 287070928, 290488198, 293912795, 297357042, 300818171, 304291441, 307778964, 311278243, 314787810, 318315209, 321854653, 325409182, 328974445, 332553446, 336148962, 339756746, 343377486, 347014426, 350660506, 354321277, 357996131, 361682852, 365381224, 369093021, 372815560, 376548167, 380296758, 384058199, 387837039, 391628545, 395430011, 399245340, 403075041, 406914152, 410768841, 414633854, 418511744, 422400228, 426304748, 430219408, 434145367, 438091549, 442046128, 446014715, 449993991, 453979712, 457984805, 461996343, 466022751, 470061499, 474112418, 478173181, 482246561, 486333189, 490431405, 494543614, 498667234, 502798587, 506942056, 511104373, 515273090, 519452458, 523649579, 527852557, 532071022, 536296525, 540536449, 544787144, 549049487, 553326154, 557615447, 561913451]

[33mBuilt regression model![0m
Model info:
	r^2:		0.999999998365009
	p-value:	0
	intercept:	-4.539140917145005
	slope:	1.5315700991479402
Fractal dimension: 1.5315700991479402
