[33mCounting circles[0m
10%		5m 43.93940838899999s remaining
20%		5m 5.724964107999995s remaining
30%		4m 27.51738881s remaining
40%		3m 49.29209779600001s remaining
50%		3m 11.080107695999999s remaining
60%		2m 32.858557722s remaining
70%		1m 54.644695219s remaining
80%		1m 16.428372726999996s remaining
90%		38.21434622s remaining

Took 6m 22.13635736399999s to count circles

[33mDone counting circles![0m
sample points:
[5050000.0, 5100000.0, 5150000.0, 5200000.0, 5250000.0, 5300000.0, 5350000.0, 5400000.0, 5450000.0, 5500000.0, 5550000.0, 5600000.0, 5650000.0, 5700000.0, 5750000.0, 5800000.0, 5850000.0, 5900000.0, 5950000.0, 6000000.0, 6050000.0, 6100000.0, 6150000.0, 6200000.0, 6250000.0, 6300000.0, 6350000.0, 6400000.0, 6450000.0, 6500000.0, 6550000.0, 6600000.0, 6650000.0, 6700000.0, 6750000.0, 6800000.0, 6850000.0, 6900000.0, 6950000.0, 7000000.0, 7050000.0, 7100000.0, 7150000.0, 7200000.0, 7250000.0, 7300000.0, 7350000.0, 7400000.0, 7450000.0, 7500000.0, 7550000.0, 7600000.0, 7650000.0, 7700000.0, 7750000.0, 7800000.0, 7850000.0, 7900000.0, 7950000.0, 8000000.0, 8050000.0, 8100000.0, 8150000.0, 8200000.0, 8250000.0, 8300000.0, 8350000.0, 8400000.0, 8450000.0, 8500000.0, 8550000.0, 8600000.0, 8650000.0, 8700000.0, 8750000.0, 8800000.0, 8850000.0, 8900000.0, 8950000.0, 9000000.0, 9050000.0, 9100000.0, 9150000.0, 9200000.0, 9250000.0, 9300000.0, 9350000.0, 9400000.0, 9450000.0, 9500000.0, 9550000.0, 9600000.0, 9650000.0, 9700000.0, 9750000.0, 9800000.0, 9850000.0, 9900000.0, 9950000.0, 10000000.0]

number of circles fewer than each of those sample points:
[181440295, 184167160, 186905097, 189660052, 192428592, 195204776, 197998302, 200806526, 203628599, 206462301, 209313197, 212173574, 215050120, 217932672, 220834104, 223746765, 226675947, 229612862, 232563327, 235525727, 238500986, 241489515, 244488452, 247503838, 250528000, 253567451, 256618216, 259685888, 262760639, 265849619, 268951520, 272060896, 275187964, 278322264, 281472230, 284631911, 287801586, 290986283, 294182185, 297389993, 300611266, 303842268, 307083191, 310338116, 313602714, 316881682, 320171938, 323473298, 326786844, 330111946, 333448949, 336797738, 340157746, 343529810, 346912845, 350306907, 353708891, 357124394, 360549997, 363985200, 367431625, 370892289, 374362698, 377844848, 381336913, 384841753, 388355417, 391879358, 395415012, 398960258, 402516525, 406087853, 409668778, 413257298, 416855763, 420471199, 424091463, 427724986, 431361930, 435011328, 438673259, 442346773, 446026181, 449716198, 453417203, 457131430, 460862937, 464597811, 468342549, 472096240, 475857304, 479635932, 483421915, 487221538, 491028475, 494843722, 498670177, 502501250, 506344253, 510196985]

[33mBuilt regression model![0m
Model info:
	r^2:		0.9999999966406777
	p-value:	0
	intercept:	-4.340375423552917
	slope:	1.513248485647511
Fractal dimension: 1.513248485647511
