[33mCounting circles[0m
17%		1m 39.400442649s remaining
33%		1m 19.519663178000002s remaining
50%		59.633417446s remaining
67%		39.748018484s remaining
83%		19.872054976s remaining

Took 1m 59.221830632999996s to count circles

[33mDone counting circles![0m
sample points:
[5050000.0, 5100000.0, 5150000.0, 5200000.0, 5250000.0, 5300000.0, 5350000.0, 5400000.0, 5450000.0, 5500000.0, 5550000.0, 5600000.0, 5650000.0, 5700000.0, 5750000.0, 5800000.0, 5850000.0, 5900000.0, 5950000.0, 6000000.0, 6050000.0, 6100000.0, 6150000.0, 6200000.0, 6250000.0, 6300000.0, 6350000.0, 6400000.0, 6450000.0, 6500000.0, 6550000.0, 6600000.0, 6650000.0, 6700000.0, 6750000.0, 6800000.0, 6850000.0, 6900000.0, 6950000.0, 7000000.0, 7050000.0, 7100000.0, 7150000.0, 7200000.0, 7250000.0, 7300000.0, 7350000.0, 7400000.0, 7450000.0, 7500000.0, 7550000.0, 7600000.0, 7650000.0, 7700000.0, 7750000.0, 7800000.0, 7850000.0, 7900000.0, 7950000.0, 8000000.0, 8050000.0, 8100000.0, 8150000.0, 8200000.0, 8250000.0, 8300000.0, 8350000.0, 8400000.0, 8450000.0, 8500000.0, 8550000.0, 8600000.0, 8650000.0, 8700000.0, 8750000.0, 8800000.0, 8850000.0, 8900000.0, 8950000.0, 9000000.0, 9050000.0, 9100000.0, 9150000.0, 9200000.0, 9250000.0, 9300000.0, 9350000.0, 9400000.0, 9450000.0, 9500000.0, 9550000.0, 9600000.0, 9650000.0, 9700000.0, 9750000.0, 9800000.0, 9850000.0, 9900000.0, 9950000.0, 10000000.0]

number of circles fewer than each of those sample points:
[91576315, 92855099, 94139154, 95424511, 96719107, 98019379, 99323736, 100631295, 101942118, 103259324, 104580861, 105908332, 107240792, 108578109, 109920174, 111267409, 112619456, 113976219, 115337693, 116703757, 118070242, 119442572, 120819800, 122205501, 123592393, 124985908, 126382288, 127783399, 129191796, 130602003, 132017530, 133437142, 134861926, 136289392, 137724189, 139157930, 140601087, 142047660, 143497345, 144947695, 146407359, 147868750, 149333670, 150804061, 152282261, 153757435, 155239444, 156728923, 158222351, 159719110, 161219000, 162723022, 164230641, 165743380, 167260460, 168781097, 170302317, 171830805, 173365770, 174903299, 176441828, 177984411, 179530211, 181081226, 182636209, 184195880, 185756252, 187324832, 188897573, 190471995, 192051931, 193633044, 195219798, 196809447, 198404650, 200003252, 201605988, 203207311, 204813797, 206427155, 208040445, 209657000, 211276466, 212904821, 214533452, 216167626, 217802453, 219444267, 221088681, 222735117, 224389963, 226047024, 227703242, 229365777, 231031900, 232698237, 234370414, 236045168, 237720911, 239402246]

[33mBuilt regression model![0m
Model info:
	r^2:		0.9999999831203826
	p-value:	0
	intercept:	-3.37772040448284
	slope:	1.4065769306208142
Fractal dimension: 1.4065769306208142
