[33mCounting circles[0m
17%		191m 36.08781267000086s remaining
33%		153m 16.719001643999945s remaining
50%		95m 48.68391118999989s remaining
67%		67m 44.01520965999998s remaining
83%		30m 55.67314814800011s remaining

Took 194m 22.33620568399965s to count circles

[33mDone counting circles![0m
sample points:
[303000000.0, 306000000.0, 309000000.0, 312000000.0, 315000000.0, 318000000.0, 321000000.0, 324000000.0, 327000000.0, 330000000.0, 333000000.0, 336000000.0, 339000000.0, 342000000.0, 345000000.0, 348000000.0, 351000000.0, 354000000.0, 357000000.0, 360000000.0, 363000000.0, 366000000.0, 369000000.0, 372000000.0, 375000000.0, 378000000.0, 381000000.0, 384000000.0, 387000000.0, 390000000.0, 393000000.0, 396000000.0, 399000000.0, 402000000.0, 405000000.0, 408000000.0, 411000000.0, 414000000.0, 417000000.0, 420000000.0, 423000000.0, 426000000.0, 429000000.0, 432000000.0, 435000000.0, 438000000.0, 441000000.0, 444000000.0, 447000000.0, 450000000.0, 453000000.0, 456000000.0, 459000000.0, 462000000.0, 465000000.0, 468000000.0, 471000000.0, 474000000.0, 477000000.0, 480000000.0, 483000000.0, 486000000.0, 489000000.0, 492000000.0, 495000000.0, 498000000.0, 501000000.0, 504000000.0, 507000000.0, 510000000.0, 513000000.0, 516000000.0, 519000000.0, 522000000.0, 525000000.0, 528000000.0, 531000000.0, 534000000.0, 537000000.0, 540000000.0, 543000000.0, 546000000.0, 549000000.0, 552000000.0, 555000000.0, 558000000.0, 561000000.0, 564000000.0, 567000000.0, 570000000.0, 573000000.0, 576000000.0, 579000000.0, 582000000.0, 585000000.0, 588000000.0, 591000000.0, 594000000.0, 597000000.0, 600000000.0]

number of circles fewer than each of those sample points:
[8315497191, 8425849105, 8536588609, 8647702516, 8759166138, 8870952000, 8983136095, 9095660961, 9208540756, 9321757036, 9435359515, 9549264648, 9663535146, 9778153700, 9893122014, 10008404777, 10124038989, 10240016534, 10356304469, 10472917023, 10589865881, 10707165329, 10824793135, 10942692534, 11060943761, 11179511379, 11298393562, 11417646749, 11537180293, 11657025529, 11777193012, 11897623538, 12018362540, 12139432463, 12260799584, 12382491319, 12504498267, 12626785053, 12749390290, 12872286322, 12995489202, 13118970143, 13242725265, 13366819875, 13491186602, 13615846108, 13740801118, 13866058445, 13991605094, 14117421413, 14243502052, 14369839203, 14496485806, 14623398512, 14750629092, 14878126270, 15005905265, 15133933513, 15262215883, 15390802571, 15519679033, 15648822779, 15778238104, 15907914692, 16037872903, 16168092627, 16298544081, 16429251735, 16560249884, 16691536731, 16823046453, 16954813357, 17086859336, 17219164163, 17351688625, 17484472366, 17617549132, 17750908462, 17884482752, 18018307871, 18152392576, 18286709614, 18421304321, 18556144003, 18691251178, 18826585981, 18962142862, 19097949307, 19234030396, 19370341311, 19506902435, 19643697957, 19780744567, 19918050816, 20055571844, 20193343908, 20331335838, 20469554034, 20608006749, 20746711631]

[33mBuilt regression model![0m
Model info:
	r^2:		0.9999999999481813
	p-value:	0
	intercept:	-3.2928892393777005
	slope:	1.3382125100083746
Fractal dimension: 1.3382125100083746
