[33mCounting circles[0m
8%		179m 18.564026330999695s remaining
17%		162m 7.702315894999629s remaining
25%		144m 46.951286879999316s remaining
33%		128m 9.73130718199991s remaining
42%		111m 58.95607888900031s remaining
50%		95m 29.363712014000157s remaining
58%		79m 14.359385327999917s remaining
67%		63m 2.567674836000151s remaining
75%		47m 0.9716854719999901s remaining
83%		31m 13.542783500000041s remaining
92%		15m 35.47951848499997s remaining

Took 187m 7.381939224000234s to count circles

[33mDone counting circles![0m
sample points:
[50500000.0, 51000000.0, 51500000.0, 52000000.0, 52500000.0, 53000000.0, 53500000.0, 54000000.0, 54500000.0, 55000000.0, 55500000.0, 56000000.0, 56500000.0, 57000000.0, 57500000.0, 58000000.0, 58500000.0, 59000000.0, 59500000.0, 60000000.0, 60500000.0, 61000000.0, 61500000.0, 62000000.0, 62500000.0, 63000000.0, 63500000.0, 64000000.0, 64500000.0, 65000000.0, 65500000.0, 66000000.0, 66500000.0, 67000000.0, 67500000.0, 68000000.0, 68500000.0, 69000000.0, 69500000.0, 70000000.0, 70500000.0, 71000000.0, 71500000.0, 72000000.0, 72500000.0, 73000000.0, 73500000.0, 74000000.0, 74500000.0, 75000000.0, 75500000.0, 76000000.0, 76500000.0, 77000000.0, 77500000.0, 78000000.0, 78500000.0, 79000000.0, 79500000.0, 80000000.0, 80500000.0, 81000000.0, 81500000.0, 82000000.0, 82500000.0, 83000000.0, 83500000.0, 84000000.0, 84500000.0, 85000000.0, 85500000.0, 86000000.0, 86500000.0, 87000000.0, 87500000.0, 88000000.0, 88500000.0, 89000000.0, 89500000.0, 90000000.0, 90500000.0, 91000000.0, 91500000.0, 92000000.0, 92500000.0, 93000000.0, 93500000.0, 94000000.0, 94500000.0, 95000000.0, 95500000.0, 96000000.0, 96500000.0, 97000000.0, 97500000.0, 98000000.0, 98500000.0, 99000000.0, 99500000.0, 100000000.0]

number of circles fewer than each of those sample points:
[2849413195, 2889347114, 2929436949, 2969697009, 3010117510, 3050692272, 3091421439, 3132323900, 3173371905, 3214567709, 3255920355, 3297422443, 3339097497, 3380914368, 3422885918, 3464996910, 3507273292, 3549701201, 3592276555, 3634987503, 3677849196, 3720855957, 3764006495, 3807311172, 3850745761, 3894342711, 3938067516, 3981939506, 4025960076, 4070117355, 4114414856, 4158852678, 4203440475, 4248155603, 4293002111, 4338001861, 4383127358, 4428394954, 4473797990, 4519329298, 4564991994, 4610797217, 4656733307, 4702807565, 4749003838, 4795340441, 4841799060, 4888373764, 4935099848, 4981945097, 5028937604, 5076042832, 5123271646, 5170640759, 5218141187, 5265773968, 5313522782, 5361394600, 5409388522, 5457499337, 5505747437, 5554119522, 5602619771, 5651233150, 5699975507, 5748836051, 5797827959, 5846920097, 5896147445, 5945482176, 5994939266, 6044547556, 6094264916, 6144084714, 6194023562, 6244090409, 6294263417, 6344562075, 6394975192, 6445500050, 6496143714, 6546892698, 6597760290, 6648743427, 6699845611, 6751062022, 6802392173, 6853835525, 6905398235, 6957075983, 7008865449, 7060762035, 7112774893, 7164892824, 7217109634, 7269443500, 7321895043, 7374458421, 7427139419, 7479915331]

[33mBuilt regression model![0m
Model info:
	r^2:		0.9999999998668782
	p-value:	0
	intercept:	-3.2862447559617323
	slope:	1.412636512563388
Fractal dimension: 1.412636512563388
