[33mCounting circles[0m
10%		114m 32.11244251199969s remaining
20%		101m 40.01664454799993s remaining
30%		88m 50.99194876900037s remaining
40%		76m 8.30171697700007s remaining
50%		63m 28.76908523200018s remaining
60%		50m 47.62324974000012s remaining
70%		38m 5.034873714999776s remaining
80%		25m 22.939125084999887s remaining
90%		12m 41.551296140999966s remaining

Took 126m 57.79700588000014s to count circles

[33mDone counting circles![0m
sample points:
[50500000.0, 51000000.0, 51500000.0, 52000000.0, 52500000.0, 53000000.0, 53500000.0, 54000000.0, 54500000.0, 55000000.0, 55500000.0, 56000000.0, 56500000.0, 57000000.0, 57500000.0, 58000000.0, 58500000.0, 59000000.0, 59500000.0, 60000000.0, 60500000.0, 61000000.0, 61500000.0, 62000000.0, 62500000.0, 63000000.0, 63500000.0, 64000000.0, 64500000.0, 65000000.0, 65500000.0, 66000000.0, 66500000.0, 67000000.0, 67500000.0, 68000000.0, 68500000.0, 69000000.0, 69500000.0, 70000000.0, 70500000.0, 71000000.0, 71500000.0, 72000000.0, 72500000.0, 73000000.0, 73500000.0, 74000000.0, 74500000.0, 75000000.0, 75500000.0, 76000000.0, 76500000.0, 77000000.0, 77500000.0, 78000000.0, 78500000.0, 79000000.0, 79500000.0, 80000000.0, 80500000.0, 81000000.0, 81500000.0, 82000000.0, 82500000.0, 83000000.0, 83500000.0, 84000000.0, 84500000.0, 85000000.0, 85500000.0, 86000000.0, 86500000.0, 87000000.0, 87500000.0, 88000000.0, 88500000.0, 89000000.0, 89500000.0, 90000000.0, 90500000.0, 91000000.0, 91500000.0, 92000000.0, 92500000.0, 93000000.0, 93500000.0, 94000000.0, 94500000.0, 95000000.0, 95500000.0, 96000000.0, 96500000.0, 97000000.0, 97500000.0, 98000000.0, 98500000.0, 99000000.0, 99500000.0, 100000000.0]

number of circles fewer than each of those sample points:
[2484236989, 2518739640, 2553384659, 2588151412, 2623040672, 2658081869, 2693251956, 2728548774, 2763975826, 2799545008, 2835245952, 2871058706, 2906999031, 2943074393, 2979270736, 3015598897, 3052049344, 3088622056, 3125324325, 3162152609, 3199105703, 3236184979, 3273380324, 3310687537, 3348128284, 3385685095, 3423348458, 3461145650, 3499052375, 3537083550, 3575231023, 3613482826, 3651857414, 3690348858, 3728947148, 3767654705, 3806484446, 3845432273, 3884505205, 3923673716, 3962964984, 4002372612, 4041874791, 4081509894, 4121251384, 4161083196, 4201037114, 4241091862, 4281269474, 4321528909, 4361911051, 4402392295, 4442981944, 4483694999, 4524507555, 4565423393, 4606441909, 4647572774, 4688799582, 4730127776, 4771563730, 4813110191, 4854735276, 4896483649, 4938329919, 4980288555, 5022328473, 5064470958, 5106708610, 5149064895, 5191520575, 5234069611, 5276705991, 5319454686, 5362300208, 5405237183, 5448271418, 5491417968, 5534644481, 5577974621, 5621404962, 5664933970, 5708556627, 5752273134, 5796079470, 5839988038, 5883985719, 5928081316, 5972262851, 6016526285, 6060913789, 6105372568, 6149936265, 6194585995, 6239340882, 6284163702, 6329084470, 6374108195, 6419214512, 6464407557]

[33mBuilt regression model![0m
Model info:
	r^2:		0.9999999998993535
	p-value:	0
	intercept:	-3.195804070619271
	slope:	1.3998060769250533
Fractal dimension: 1.3998060769250533
