[33mCounting circles[0m
13%		72m 6.993940346000272s remaining
25%		61m 50.893139768999845s remaining
38%		51m 30.421798860999843s remaining
50%		42m 7.416079186999923s remaining
63%		32m 16.858419309000055s remaining
75%		21m 51.282566149000104s remaining
88%		11m 1.0761457549999704s remaining

Took 88m 40.864232314999754s to count circles

[33mDone counting circles![0m
sample points:
[50500000.0, 51000000.0, 51500000.0, 52000000.0, 52500000.0, 53000000.0, 53500000.0, 54000000.0, 54500000.0, 55000000.0, 55500000.0, 56000000.0, 56500000.0, 57000000.0, 57500000.0, 58000000.0, 58500000.0, 59000000.0, 59500000.0, 60000000.0, 60500000.0, 61000000.0, 61500000.0, 62000000.0, 62500000.0, 63000000.0, 63500000.0, 64000000.0, 64500000.0, 65000000.0, 65500000.0, 66000000.0, 66500000.0, 67000000.0, 67500000.0, 68000000.0, 68500000.0, 69000000.0, 69500000.0, 70000000.0, 70500000.0, 71000000.0, 71500000.0, 72000000.0, 72500000.0, 73000000.0, 73500000.0, 74000000.0, 74500000.0, 75000000.0, 75500000.0, 76000000.0, 76500000.0, 77000000.0, 77500000.0, 78000000.0, 78500000.0, 79000000.0, 79500000.0, 80000000.0, 80500000.0, 81000000.0, 81500000.0, 82000000.0, 82500000.0, 83000000.0, 83500000.0, 84000000.0, 84500000.0, 85000000.0, 85500000.0, 86000000.0, 86500000.0, 87000000.0, 87500000.0, 88000000.0, 88500000.0, 89000000.0, 89500000.0, 90000000.0, 90500000.0, 91000000.0, 91500000.0, 92000000.0, 92500000.0, 93000000.0, 93500000.0, 94000000.0, 94500000.0, 95000000.0, 95500000.0, 96000000.0, 96500000.0, 97000000.0, 97500000.0, 98000000.0, 98500000.0, 99000000.0, 99500000.0, 100000000.0]

number of circles fewer than each of those sample points:
[1979263857, 2006332333, 2033498379, 2060763464, 2088118144, 2115581902, 2143139452, 2170794572, 2198552434, 2226396801, 2254340660, 2282381553, 2310512740, 2338738719, 2367059214, 2395474630, 2423988568, 2452593882, 2481285769, 2510072985, 2538952576, 2567912847, 2596976712, 2626123091, 2655358202, 2684673239, 2714085807, 2743577288, 2773163695, 2802840087, 2832597208, 2862441215, 2892364699, 2922390565, 2952490998, 2982677819, 3012944700, 3043291554, 3073715605, 3104239243, 3134845838, 3165523789, 3196297769, 3227148240, 3258075546, 3289080270, 3320169356, 3351343430, 3382596076, 3413928304, 3445326210, 3476813463, 3508379126, 3540031351, 3571743145, 3603545778, 3635417588, 3667365982, 3699396111, 3731502139, 3763691912, 3795955776, 3828285173, 3860701494, 3893174803, 3925733072, 3958366396, 3991067641, 4023846880, 4056697314, 4089631930, 4122630677, 4155699286, 4188856197, 4222071725, 4255367400, 4288722639, 4322160473, 4355665222, 4389250195, 4422893439, 4456606650, 4490385104, 4524251487, 4558184356, 4592197226, 4626258551, 4660388365, 4694607460, 4728882432, 4763221507, 4797632555, 4832112867, 4866661080, 4901278997, 4935961109, 4970701494, 5005518761, 5040406048, 5075349874]

[33mBuilt regression model![0m
Model info:
	r^2:		0.9999999994502459
	p-value:	0
	intercept:	-3.041557419516213
	slope:	1.3782987622869496
Fractal dimension: 1.3782987622869496
