[33mCounting circles[0m
8%		2167m 2.3119098960014526s remaining
17%		1970m 31.5233117799944s remaining
25%		1772m 49.560997776003205s remaining
33%		1575m 50.083755005995044s remaining
42%		1379m 0.2533687999966787s remaining
50%		1184m 33.876214486997924s remaining
58%		991m 26.26916502200038s remaining
67%		792m 26.646185876001255s remaining
75%		594m 0.8100747779972153s remaining
83%		395m 52.64910312799839s remaining
92%		198m 26.432792285999312s remaining

Took 2379m 56.023241524992045s to count circles

[33mDone counting circles![0m
sample points:
[202000000.0, 204000000.0, 206000000.0, 208000000.0, 210000000.0, 212000000.0, 214000000.0, 216000000.0, 218000000.0, 220000000.0, 222000000.0, 224000000.0, 226000000.0, 228000000.0, 230000000.0, 232000000.0, 234000000.0, 236000000.0, 238000000.0, 240000000.0, 242000000.0, 244000000.0, 246000000.0, 248000000.0, 250000000.0, 252000000.0, 254000000.0, 256000000.0, 258000000.0, 260000000.0, 262000000.0, 264000000.0, 266000000.0, 268000000.0, 270000000.0, 272000000.0, 274000000.0, 276000000.0, 278000000.0, 280000000.0, 282000000.0, 284000000.0, 286000000.0, 288000000.0, 290000000.0, 292000000.0, 294000000.0, 296000000.0, 298000000.0, 300000000.0, 302000000.0, 304000000.0, 306000000.0, 308000000.0, 310000000.0, 312000000.0, 314000000.0, 316000000.0, 318000000.0, 320000000.0, 322000000.0, 324000000.0, 326000000.0, 328000000.0, 330000000.0, 332000000.0, 334000000.0, 336000000.0, 338000000.0, 340000000.0, 342000000.0, 344000000.0, 346000000.0, 348000000.0, 350000000.0, 352000000.0, 354000000.0, 356000000.0, 358000000.0, 360000000.0, 362000000.0, 364000000.0, 366000000.0, 368000000.0, 370000000.0, 372000000.0, 374000000.0, 376000000.0, 378000000.0, 380000000.0, 382000000.0, 384000000.0, 386000000.0, 388000000.0, 390000000.0, 392000000.0, 394000000.0, 396000000.0, 398000000.0, 400000000.0]

number of circles fewer than each of those sample points:
[56092514313, 56945346376, 57802604462, 58664278122, 59530401745, 60400939054, 61275876769, 62155169089, 63038782440, 63926711179, 64818926027, 65715471561, 66616282210, 67521331169, 68430593171, 69344059374, 70261674762, 71183506675, 72109525067, 73039624613, 73973872239, 74912234158, 75854719743, 76801216353, 77751776866, 78706474699, 79665207302, 80627990012, 81594734987, 82565402106, 83540150486, 84518852028, 85501464953, 86487999033, 87478485784, 88472907482, 89471219493, 90473412400, 91479452823, 92489334019, 93503029489, 94520523621, 95541841162, 96567067114, 97596057633, 98628863569, 99665340630, 100705647160, 101749685225, 102797448619, 103848854754, 104904067107, 105963011175, 107025610206, 108091864350, 109161767882, 110235281251, 111312462368, 112393348423, 113477816695, 114565837026, 115657479720, 116752706811, 117851517974, 118953888761, 120059846092, 121169297925, 122282362762, 123398826846, 124518849952, 125642402011, 126769499527, 127900091139, 129034094849, 130171638296, 131312610648, 132457016168, 133604913089, 134756254844, 135910982555, 137069112782, 138230646105, 139395568141, 140563878311, 141735520871, 142910612103, 144089019753, 145270749498, 146455942670, 147644443236, 148836302291, 150031463173, 151229893364, 152431664742, 153636707986, 154845064254, 156056678039, 157271547407, 158489752726, 159711237288]

[33mBuilt regression model![0m
Model info:
	r^2:		0.9999999999925988
	p-value:	0
	intercept:	-4.539153574640139
	slope:	1.5315708653032365
Fractal dimension: 1.5315708653032365
