[33mCounting circles[0m
10%		1566m 48.5264230640023s remaining
20%		1393m 21.46069321599498s remaining
30%		1218m 49.82982565599377s remaining
40%		1044m 33.75704631199915s remaining
50%		870m 25.760271778999595s remaining
60%		696m 20.90672802500194s remaining
70%		522m 14.87726842399934s remaining
80%		348m 34.879047501999594s remaining
90%		174m 15.962595203000092s remaining

Took 1742m 25.60911838299944s to count circles

[33mDone counting circles![0m
sample points:
[202000000.0, 204000000.0, 206000000.0, 208000000.0, 210000000.0, 212000000.0, 214000000.0, 216000000.0, 218000000.0, 220000000.0, 222000000.0, 224000000.0, 226000000.0, 228000000.0, 230000000.0, 232000000.0, 234000000.0, 236000000.0, 238000000.0, 240000000.0, 242000000.0, 244000000.0, 246000000.0, 248000000.0, 250000000.0, 252000000.0, 254000000.0, 256000000.0, 258000000.0, 260000000.0, 262000000.0, 264000000.0, 266000000.0, 268000000.0, 270000000.0, 272000000.0, 274000000.0, 276000000.0, 278000000.0, 280000000.0, 282000000.0, 284000000.0, 286000000.0, 288000000.0, 290000000.0, 292000000.0, 294000000.0, 296000000.0, 298000000.0, 300000000.0, 302000000.0, 304000000.0, 306000000.0, 308000000.0, 310000000.0, 312000000.0, 314000000.0, 316000000.0, 318000000.0, 320000000.0, 322000000.0, 324000000.0, 326000000.0, 328000000.0, 330000000.0, 332000000.0, 334000000.0, 336000000.0, 338000000.0, 340000000.0, 342000000.0, 344000000.0, 346000000.0, 348000000.0, 350000000.0, 352000000.0, 354000000.0, 356000000.0, 358000000.0, 360000000.0, 362000000.0, 364000000.0, 366000000.0, 368000000.0, 370000000.0, 372000000.0, 374000000.0, 376000000.0, 378000000.0, 380000000.0, 382000000.0, 384000000.0, 386000000.0, 388000000.0, 390000000.0, 392000000.0, 394000000.0, 396000000.0, 398000000.0, 400000000.0]

number of circles fewer than each of those sample points:
[48198621366, 48922638757, 49650270135, 50381612281, 51116453736, 51854931369, 52597047942, 53342726230, 54091946828, 54844596998, 55600846286, 56360562374, 57123757506, 57890514976, 58660668290, 59434250728, 60211290254, 60991751173, 61775607973, 62562860294, 63353455558, 64147444630, 64944752109, 65745396978, 66549420921, 67356715427, 68167261397, 68981097188, 69798253904, 70618573415, 71442187897, 72269003200, 73099118517, 73932420628, 74768919191, 75608605953, 76451493743, 77297512769, 78146656519, 78998945874, 79854444491, 80713049524, 81574723203, 82439461991, 83307334658, 84178229284, 85052219444, 85929318283, 86809425253, 87692554586, 88578721462, 89467894224, 90360132398, 91255336348, 92153442296, 93054662125, 93958776208, 94865871303, 95775943821, 96688958661, 97604927081, 98523864635, 99445634275, 100370356652, 101297968865, 102228357793, 103161686156, 104097904782, 105036948192, 105978835382, 106923581966, 107871168277, 108821620488, 109774903180, 110730991318, 111689949600, 112651641609, 113616122826, 114583431429, 115553464519, 116526334247, 117501917090, 118480204508, 119461307653, 120445141652, 121431600577, 122420846190, 123412877598, 124407639339, 125405001868, 126405089435, 127407900184, 128413335560, 129421570071, 130432422106, 131445994579, 132462194588, 133481070868, 134502500981, 135526630432]

[33mBuilt regression model![0m
Model info:
	r^2:		0.9999999999880871
	p-value:	0
	intercept:	-4.340078480314787
	slope:	1.5132301394388208
Fractal dimension: 1.5132301394388208
