[33mCounting circles[0m
17%		255m 17.018753880000077s remaining
33%		204m 33.66806970200014s remaining
50%		153m 14.950513034000323s remaining
67%		102m 9.414966393000213s remaining
83%		51m 4.528329824000139s remaining

Took 306m 37.53281207799955s to count circles

[33mDone counting circles![0m
sample points:
[202000000.0, 204000000.0, 206000000.0, 208000000.0, 210000000.0, 212000000.0, 214000000.0, 216000000.0, 218000000.0, 220000000.0, 222000000.0, 224000000.0, 226000000.0, 228000000.0, 230000000.0, 232000000.0, 234000000.0, 236000000.0, 238000000.0, 240000000.0, 242000000.0, 244000000.0, 246000000.0, 248000000.0, 250000000.0, 252000000.0, 254000000.0, 256000000.0, 258000000.0, 260000000.0, 262000000.0, 264000000.0, 266000000.0, 268000000.0, 270000000.0, 272000000.0, 274000000.0, 276000000.0, 278000000.0, 280000000.0, 282000000.0, 284000000.0, 286000000.0, 288000000.0, 290000000.0, 292000000.0, 294000000.0, 296000000.0, 298000000.0, 300000000.0, 302000000.0, 304000000.0, 306000000.0, 308000000.0, 310000000.0, 312000000.0, 314000000.0, 316000000.0, 318000000.0, 320000000.0, 322000000.0, 324000000.0, 326000000.0, 328000000.0, 330000000.0, 332000000.0, 334000000.0, 336000000.0, 338000000.0, 340000000.0, 342000000.0, 344000000.0, 346000000.0, 348000000.0, 350000000.0, 352000000.0, 354000000.0, 356000000.0, 358000000.0, 360000000.0, 362000000.0, 364000000.0, 366000000.0, 368000000.0, 370000000.0, 372000000.0, 374000000.0, 376000000.0, 378000000.0, 380000000.0, 382000000.0, 384000000.0, 386000000.0, 388000000.0, 390000000.0, 392000000.0, 394000000.0, 396000000.0, 398000000.0, 400000000.0]

number of circles fewer than each of those sample points:
[16416664283, 16645815924, 16875838987, 17106823066, 17338652832, 17571380937, 17804987850, 18039523082, 18274898630, 18511157965, 18748261006, 18986259770, 19225164527, 19464910536, 19705504558, 19946958660, 20189197192, 20432345073, 20676308310, 20921129476, 21166808628, 21413291242, 21660586088, 21908686056, 22157593296, 22407337501, 22657899703, 22909285875, 23161394969, 23414349787, 23668086876, 23922628985, 24177952509, 24434071909, 24690970692, 24948613156, 25207022359, 25466220140, 25726223240, 25986944300, 26248421560, 26510666952, 26773626428, 27037353367, 27301794749, 27567064276, 27832959173, 28099632201, 28367042850, 28635217250, 28904072143, 29173702625, 29444049520, 29715145454, 29986930157, 30259423512, 30532657151, 30806580790, 31081213573, 31356587413, 31632604879, 31909354881, 32186799202, 32464873754, 32743675991, 33023153092, 33303346857, 33584169240, 33865705139, 34147960556, 34430869379, 34714441504, 34998675735, 35283561700, 35569152347, 35855420880, 36142320962, 36429886145, 36718071715, 37006951973, 37296480571, 37586656234, 37877492798, 38168943099, 38461035033, 38753795168, 39047194845, 39341201599, 39635884444, 39931184710, 40227156201, 40523748426, 40820983867, 41118800020, 41417255668, 41716329112, 42016078702, 42316397607, 42617304671, 42918861222]

[33mBuilt regression model![0m
Model info:
	r^2:		0.9999999998542517
	p-value:	0
	intercept:	-3.378642239524332
	slope:	1.4066365714949982
Fractal dimension: 1.4066365714949982
