[33mCounting circles[0m
9%		111m 46.204234388999794s remaining
18%		56m 24.10292169100012s remaining
27%		37m 8.2719398979998s remaining
36%		26m 49.80630480200011s remaining
45%		20m 3.8719563610000023s remaining
55%		15m 3.44172003999995s remaining
64%		11m 4.024809641000047s remaining
73%		7m 44.08659766400001s remaining
82%		4m 51.620677392000005s remaining
91%		2m 18.81392199199999s remaining

Took 24m 26.557976057999895s to count circles

[33mDone counting circles![0m
sample points:
[50500000.0, 51000000.0, 51500000.0, 52000000.0, 52500000.0, 53000000.0, 53500000.0, 54000000.0, 54500000.0, 55000000.0, 55500000.0, 56000000.0, 56500000.0, 57000000.0, 57500000.0, 58000000.0, 58500000.0, 59000000.0, 59500000.0, 60000000.0, 60500000.0, 61000000.0, 61500000.0, 62000000.0, 62500000.0, 63000000.0, 63500000.0, 64000000.0, 64500000.0, 65000000.0, 65500000.0, 66000000.0, 66500000.0, 67000000.0, 67500000.0, 68000000.0, 68500000.0, 69000000.0, 69500000.0, 70000000.0, 70500000.0, 71000000.0, 71500000.0, 72000000.0, 72500000.0, 73000000.0, 73500000.0, 74000000.0, 74500000.0, 75000000.0, 75500000.0, 76000000.0, 76500000.0, 77000000.0, 77500000.0, 78000000.0, 78500000.0, 79000000.0, 79500000.0, 80000000.0, 80500000.0, 81000000.0, 81500000.0, 82000000.0, 82500000.0, 83000000.0, 83500000.0, 84000000.0, 84500000.0, 85000000.0, 85500000.0, 86000000.0, 86500000.0, 87000000.0, 87500000.0, 88000000.0, 88500000.0, 89000000.0, 89500000.0, 90000000.0, 90500000.0, 91000000.0, 91500000.0, 92000000.0, 92500000.0, 93000000.0, 93500000.0, 94000000.0, 94500000.0, 95000000.0, 95500000.0, 96000000.0, 96500000.0, 97000000.0, 97500000.0, 98000000.0, 98500000.0, 99000000.0, 99500000.0, 100000000.0]

number of circles fewer than each of those sample points:
[490536980, 496990767, 503473137, 509971031, 516492270, 523031855, 529594557, 536173288, 542776391, 549395826, 556035774, 562698791, 569376866, 576081232, 582802705, 589537009, 596290361, 603064340, 609858099, 616672476, 623505424, 630354746, 637224950, 644112036, 651010981, 657931361, 664870546, 671825874, 678803349, 685796801, 692807293, 699835345, 706883001, 713946230, 721025553, 728129093, 735246212, 742379295, 749527403, 756694677, 763876508, 771073670, 778291462, 785526300, 792778450, 800046177, 807327523, 814628738, 821941295, 829269073, 836617163, 843978919, 851360904, 858755873, 866167526, 873594130, 881034855, 888492073, 895963448, 903453644, 910958856, 918475128, 926015981, 933560208, 941121391, 948703264, 956297537, 963904647, 971531157, 979166201, 986817111, 994481879, 1002163202, 1009859502, 1017573498, 1025302449, 1033041373, 1040802454, 1048572968, 1056362326, 1064160871, 1071974204, 1079798914, 1087642632, 1095501890, 1103363936, 1111246722, 1119139248, 1127048804, 1134976345, 1142912911, 1150863778, 1158828274, 1166802080, 1174795360, 1182802851, 1190816161, 1198851263, 1206896226, 1214952686]

[33mBuilt regression model![0m
Model info:
	r^2:		0.9999999992405626
	p-value:	0
	intercept:	-3.5356048290391016
	slope:	1.3275061548030873
Fractal dimension: 1.3275061548030873
