[33mCounting circles[0m
13%		69m 24.113548364000053s remaining
25%		35m 26.58628018399986s remaining
38%		22m 51.3756355380001s remaining
50%		15m 36.81468227200003s remaining
63%		10m 30.509320726000055s remaining
75%		6m 28.277366019s remaining
88%		3m 2.686625657999997s remaining

Took 23m 12.840576284000008s to count circles

[33mDone counting circles![0m
sample points:
[50500000.0, 51000000.0, 51500000.0, 52000000.0, 52500000.0, 53000000.0, 53500000.0, 54000000.0, 54500000.0, 55000000.0, 55500000.0, 56000000.0, 56500000.0, 57000000.0, 57500000.0, 58000000.0, 58500000.0, 59000000.0, 59500000.0, 60000000.0, 60500000.0, 61000000.0, 61500000.0, 62000000.0, 62500000.0, 63000000.0, 63500000.0, 64000000.0, 64500000.0, 65000000.0, 65500000.0, 66000000.0, 66500000.0, 67000000.0, 67500000.0, 68000000.0, 68500000.0, 69000000.0, 69500000.0, 70000000.0, 70500000.0, 71000000.0, 71500000.0, 72000000.0, 72500000.0, 73000000.0, 73500000.0, 74000000.0, 74500000.0, 75000000.0, 75500000.0, 76000000.0, 76500000.0, 77000000.0, 77500000.0, 78000000.0, 78500000.0, 79000000.0, 79500000.0, 80000000.0, 80500000.0, 81000000.0, 81500000.0, 82000000.0, 82500000.0, 83000000.0, 83500000.0, 84000000.0, 84500000.0, 85000000.0, 85500000.0, 86000000.0, 86500000.0, 87000000.0, 87500000.0, 88000000.0, 88500000.0, 89000000.0, 89500000.0, 90000000.0, 90500000.0, 91000000.0, 91500000.0, 92000000.0, 92500000.0, 93000000.0, 93500000.0, 94000000.0, 94500000.0, 95000000.0, 95500000.0, 96000000.0, 96500000.0, 97000000.0, 97500000.0, 98000000.0, 98500000.0, 99000000.0, 99500000.0, 100000000.0]

number of circles fewer than each of those sample points:
[648186486, 656768672, 665382841, 674021436, 682689488, 691387365, 700109250, 708862774, 717643335, 726454109, 735285794, 744147533, 753026640, 761941687, 770878987, 779844318, 788835347, 797849169, 806895092, 815963895, 825052431, 834168399, 843313254, 852481347, 861680421, 870895279, 880138849, 889409760, 898697888, 908013369, 917352232, 926720969, 936104684, 945516231, 954950328, 964403904, 973880270, 983387046, 992919348, 1002470373, 1012043759, 1021640480, 1031265429, 1040912886, 1050575126, 1060264400, 1069969887, 1079704363, 1089455835, 1099230039, 1109028126, 1118845745, 1128678057, 1138534963, 1148421296, 1158321912, 1168248430, 1178196699, 1188163190, 1198155121, 1208165746, 1218198625, 1228252162, 1238332804, 1248425624, 1258541641, 1268678253, 1278829650, 1289005395, 1299201064, 1309420521, 1319659928, 1329915726, 1340184456, 1350476667, 1360796761, 1371130627, 1381489064, 1391865451, 1402257044, 1412668716, 1423101239, 1433551834, 1444020735, 1454514614, 1465023142, 1475554068, 1486097576, 1496664699, 1507240087, 1517843422, 1528469036, 1539104840, 1549763306, 1560440652, 1571136027, 1581851971, 1592584184, 1603332090, 1614100559]

[33mBuilt regression model![0m
Model info:
	r^2:		0.9999999997407353
	p-value:	0
	intercept:	-3.397417309296287
	slope:	1.3354264765044448
Fractal dimension: 1.3354264765044448
