[33mCounting circles[0m
14%		57m 59.378579142000035s remaining
29%		29m 59.92077057200004s remaining
43%		19m 6.496269679000079s remaining
57%		12m 29.789649974999975s remaining
71%		7m 35.93394935499998s remaining
86%		3m 33.32010761199999s remaining

Took 23m 40.13580468700002s to count circles

[33mDone counting circles![0m
sample points:
[50500000.0, 51000000.0, 51500000.0, 52000000.0, 52500000.0, 53000000.0, 53500000.0, 54000000.0, 54500000.0, 55000000.0, 55500000.0, 56000000.0, 56500000.0, 57000000.0, 57500000.0, 58000000.0, 58500000.0, 59000000.0, 59500000.0, 60000000.0, 60500000.0, 61000000.0, 61500000.0, 62000000.0, 62500000.0, 63000000.0, 63500000.0, 64000000.0, 64500000.0, 65000000.0, 65500000.0, 66000000.0, 66500000.0, 67000000.0, 67500000.0, 68000000.0, 68500000.0, 69000000.0, 69500000.0, 70000000.0, 70500000.0, 71000000.0, 71500000.0, 72000000.0, 72500000.0, 73000000.0, 73500000.0, 74000000.0, 74500000.0, 75000000.0, 75500000.0, 76000000.0, 76500000.0, 77000000.0, 77500000.0, 78000000.0, 78500000.0, 79000000.0, 79500000.0, 80000000.0, 80500000.0, 81000000.0, 81500000.0, 82000000.0, 82500000.0, 83000000.0, 83500000.0, 84000000.0, 84500000.0, 85000000.0, 85500000.0, 86000000.0, 86500000.0, 87000000.0, 87500000.0, 88000000.0, 88500000.0, 89000000.0, 89500000.0, 90000000.0, 90500000.0, 91000000.0, 91500000.0, 92000000.0, 92500000.0, 93000000.0, 93500000.0, 94000000.0, 94500000.0, 95000000.0, 95500000.0, 96000000.0, 96500000.0, 97000000.0, 97500000.0, 98000000.0, 98500000.0, 99000000.0, 99500000.0, 100000000.0]

number of circles fewer than each of those sample points:
[757392438, 767443199, 777529086, 787647548, 797806030, 807994084, 818208661, 828458932, 838736103, 849047298, 859386175, 869764781, 880169927, 890605794, 901075555, 911577100, 922105257, 932669118, 943260757, 953884589, 964536923, 975220263, 985934887, 996677104, 1007449390, 1018247123, 1029072917, 1039931974, 1050819018, 1061740159, 1072683900, 1083655669, 1094656457, 1105684058, 1116741084, 1127831506, 1138941124, 1150081482, 1161244723, 1172439530, 1183658077, 1194906050, 1206182484, 1217484546, 1228813332, 1240164524, 1251545938, 1262950809, 1274384507, 1285841125, 1297327674, 1308837145, 1320370877, 1331930163, 1343518562, 1355130919, 1366773927, 1378437360, 1390124564, 1401835541, 1413565669, 1425327436, 1437114853, 1448928535, 1460763421, 1472624601, 1484506922, 1496413071, 1508348343, 1520303738, 1532286671, 1544287734, 1556313988, 1568361985, 1580435204, 1592532015, 1604648381, 1616790644, 1628962512, 1641151931, 1653366358, 1665595732, 1677853357, 1690131916, 1702437276, 1714760307, 1727108007, 1739482730, 1751872953, 1764282772, 1776717601, 1789176475, 1801659968, 1814166770, 1826688095, 1839240808, 1851810324, 1864401285, 1877013581, 1889646651]

[33mBuilt regression model![0m
Model info:
	r^2:		0.9999999996475282
	p-value:	0
	intercept:	-3.2912259698446142
	slope:	1.3382178434739516
Fractal dimension: 1.3382178434739516
