[33mCounting circles[0m
10%		96m 37.4748931969998s remaining
20%		48m 49.004986616000224s remaining
30%		31m 57.37160480300008s remaining
40%		22m 47.51594162099991s remaining
50%		16m 41.029800886999965s remaining
60%		12m 6.052835028000004s remaining
70%		8m 23.71418582299998s remaining
80%		5m 15.117683874000022s remaining
90%		2m 29.527310476999986s remaining

Took 23m 52.23441856199997s to count circles

[33mDone counting circles![0m
sample points:
[50500000.0, 51000000.0, 51500000.0, 52000000.0, 52500000.0, 53000000.0, 53500000.0, 54000000.0, 54500000.0, 55000000.0, 55500000.0, 56000000.0, 56500000.0, 57000000.0, 57500000.0, 58000000.0, 58500000.0, 59000000.0, 59500000.0, 60000000.0, 60500000.0, 61000000.0, 61500000.0, 62000000.0, 62500000.0, 63000000.0, 63500000.0, 64000000.0, 64500000.0, 65000000.0, 65500000.0, 66000000.0, 66500000.0, 67000000.0, 67500000.0, 68000000.0, 68500000.0, 69000000.0, 69500000.0, 70000000.0, 70500000.0, 71000000.0, 71500000.0, 72000000.0, 72500000.0, 73000000.0, 73500000.0, 74000000.0, 74500000.0, 75000000.0, 75500000.0, 76000000.0, 76500000.0, 77000000.0, 77500000.0, 78000000.0, 78500000.0, 79000000.0, 79500000.0, 80000000.0, 80500000.0, 81000000.0, 81500000.0, 82000000.0, 82500000.0, 83000000.0, 83500000.0, 84000000.0, 84500000.0, 85000000.0, 85500000.0, 86000000.0, 86500000.0, 87000000.0, 87500000.0, 88000000.0, 88500000.0, 89000000.0, 89500000.0, 90000000.0, 90500000.0, 91000000.0, 91500000.0, 92000000.0, 92500000.0, 93000000.0, 93500000.0, 94000000.0, 94500000.0, 95000000.0, 95500000.0, 96000000.0, 96500000.0, 97000000.0, 97500000.0, 98000000.0, 98500000.0, 99000000.0, 99500000.0, 100000000.0]

number of circles fewer than each of those sample points:
[526776718, 533729991, 540699821, 547688707, 554703259, 561735451, 568794958, 575874250, 582979145, 590095857, 597238606, 604403104, 611585421, 618795261, 626023560, 633274317, 640544116, 647835970, 655148984, 662478348, 669832463, 677208546, 684599740, 692010092, 699445921, 706897359, 714367312, 721857024, 729361015, 736892476, 744440505, 752005170, 759588056, 767192958, 774818828, 782461433, 790125199, 797804914, 805501559, 813222265, 820948887, 828702298, 836474554, 844262417, 852068692, 859893460, 867734376, 875594792, 883476884, 891372085, 899274825, 907209322, 915153032, 923112139, 931091759, 939083282, 947095985, 955124646, 963174972, 971237917, 979317912, 987420347, 995531639, 1003664950, 1011817273, 1019977342, 1028157264, 1036354025, 1044567913, 1052794041, 1061041838, 1069301275, 1077576286, 1085867469, 1094176184, 1102498348, 1110840270, 1119186839, 1127560434, 1135945118, 1144343926, 1152765774, 1161198789, 1169636653, 1178097865, 1186571229, 1195057428, 1203561117, 1212082052, 1220620531, 1229174945, 1237735819, 1246315294, 1254908235, 1263517703, 1272143518, 1280786843, 1289438935, 1298107773, 1306791992]

[33mBuilt regression model![0m
Model info:
	r^2:		0.9999999993401857
	p-value:	0
	intercept:	-3.506251649932274
	slope:	1.3298690074645068
Fractal dimension: 1.3298690074645068
