[33mCounting circles[0m
11%		82m 14.274642768000376s remaining
22%		41m 42.014948730000015s remaining
33%		27m 6.955253189999894s remaining
44%		19m 0.2940483170000334s remaining
56%		13m 28.577505074999976s remaining
67%		9m 14.316565052999977s remaining
78%		5m 44.57293641299998s remaining
89%		2m 42.88855857600001s remaining

Took 23m 20.510345571000016s to count circles

[33mDone counting circles![0m
sample points:
[50500000.0, 51000000.0, 51500000.0, 52000000.0, 52500000.0, 53000000.0, 53500000.0, 54000000.0, 54500000.0, 55000000.0, 55500000.0, 56000000.0, 56500000.0, 57000000.0, 57500000.0, 58000000.0, 58500000.0, 59000000.0, 59500000.0, 60000000.0, 60500000.0, 61000000.0, 61500000.0, 62000000.0, 62500000.0, 63000000.0, 63500000.0, 64000000.0, 64500000.0, 65000000.0, 65500000.0, 66000000.0, 66500000.0, 67000000.0, 67500000.0, 68000000.0, 68500000.0, 69000000.0, 69500000.0, 70000000.0, 70500000.0, 71000000.0, 71500000.0, 72000000.0, 72500000.0, 73000000.0, 73500000.0, 74000000.0, 74500000.0, 75000000.0, 75500000.0, 76000000.0, 76500000.0, 77000000.0, 77500000.0, 78000000.0, 78500000.0, 79000000.0, 79500000.0, 80000000.0, 80500000.0, 81000000.0, 81500000.0, 82000000.0, 82500000.0, 83000000.0, 83500000.0, 84000000.0, 84500000.0, 85000000.0, 85500000.0, 86000000.0, 86500000.0, 87000000.0, 87500000.0, 88000000.0, 88500000.0, 89000000.0, 89500000.0, 90000000.0, 90500000.0, 91000000.0, 91500000.0, 92000000.0, 92500000.0, 93000000.0, 93500000.0, 94000000.0, 94500000.0, 95000000.0, 95500000.0, 96000000.0, 96500000.0, 97000000.0, 97500000.0, 98000000.0, 98500000.0, 99000000.0, 99500000.0, 100000000.0]

number of circles fewer than each of those sample points:
[576573697, 584191141, 591833923, 599507670, 607202209, 614916343, 622660582, 630429228, 638221241, 646035754, 653872993, 661728919, 669611590, 677520298, 685451208, 693401500, 701378325, 709377008, 717400946, 725438012, 733504648, 741593744, 749708687, 757843112, 765994260, 774175578, 782374190, 790590146, 798831536, 807093828, 815375926, 823684593, 832010676, 840355058, 848722261, 857107995, 865514390, 873938427, 882388994, 890856927, 899346821, 907856016, 916384391, 924939697, 933511733, 942095308, 950702344, 959336425, 967982242, 976646259, 985333511, 994039931, 1002765159, 1011506470, 1020270208, 1029054385, 1037849482, 1046666298, 1055498959, 1064353920, 1073233811, 1082125326, 1091031791, 1099957336, 1108900837, 1117865487, 1126836447, 1135835547, 1144856680, 1153902678, 1162956635, 1172020462, 1181110495, 1190217723, 1199337658, 1208481051, 1217640209, 1226813388, 1236009227, 1245217907, 1254444817, 1263684474, 1272943437, 1282220817, 1291517527, 1300827049, 1310150734, 1319501583, 1328863404, 1338241496, 1347636550, 1357044816, 1366473151, 1375919134, 1385374825, 1394854774, 1404345910, 1413851187, 1423372689, 1432911950]

[33mBuilt regression model![0m
Model info:
	r^2:		0.9999999996534165
	p-value:	0
	intercept:	-3.4625262453372194
	slope:	1.3324966899964696
Fractal dimension: 1.3324966899964696
