[33mCounting circles[0m
17%		47m 4.130238334999831s remaining
33%		24m 58.877357489999895s remaining
50%		15m 33.911983658000054s remaining
67%		9m 19.18752483000003s remaining
83%		4m 20.572502746999987s remaining

Took 24m 47.523998484s to count circles

[33mDone counting circles![0m
sample points:
[50500000.0, 51000000.0, 51500000.0, 52000000.0, 52500000.0, 53000000.0, 53500000.0, 54000000.0, 54500000.0, 55000000.0, 55500000.0, 56000000.0, 56500000.0, 57000000.0, 57500000.0, 58000000.0, 58500000.0, 59000000.0, 59500000.0, 60000000.0, 60500000.0, 61000000.0, 61500000.0, 62000000.0, 62500000.0, 63000000.0, 63500000.0, 64000000.0, 64500000.0, 65000000.0, 65500000.0, 66000000.0, 66500000.0, 67000000.0, 67500000.0, 68000000.0, 68500000.0, 69000000.0, 69500000.0, 70000000.0, 70500000.0, 71000000.0, 71500000.0, 72000000.0, 72500000.0, 73000000.0, 73500000.0, 74000000.0, 74500000.0, 75000000.0, 75500000.0, 76000000.0, 76500000.0, 77000000.0, 77500000.0, 78000000.0, 78500000.0, 79000000.0, 79500000.0, 80000000.0, 80500000.0, 81000000.0, 81500000.0, 82000000.0, 82500000.0, 83000000.0, 83500000.0, 84000000.0, 84500000.0, 85000000.0, 85500000.0, 86000000.0, 86500000.0, 87000000.0, 87500000.0, 88000000.0, 88500000.0, 89000000.0, 89500000.0, 90000000.0, 90500000.0, 91000000.0, 91500000.0, 92000000.0, 92500000.0, 93000000.0, 93500000.0, 94000000.0, 94500000.0, 95000000.0, 95500000.0, 96000000.0, 96500000.0, 97000000.0, 97500000.0, 98000000.0, 98500000.0, 99000000.0, 99500000.0, 100000000.0]

number of circles fewer than each of those sample points:
[936684164, 949133073, 961620709, 974149760, 986715351, 999323385, 1011970252, 1024665099, 1037398406, 1050170482, 1062982868, 1075835713, 1088719142, 1101649402, 1114608997, 1127604241, 1140647287, 1153729243, 1166837518, 1179994974, 1193190888, 1206413767, 1219678949, 1232981989, 1246326819, 1259700164, 1273115440, 1286564633, 1300047831, 1313561831, 1327113920, 1340704009, 1354331346, 1367992872, 1381687425, 1395415056, 1409181166, 1422978789, 1436805296, 1450662629, 1464560046, 1478489182, 1492460562, 1506458451, 1520493972, 1534548869, 1548645918, 1562777773, 1576945453, 1591146609, 1605375357, 1619629009, 1633920271, 1648243946, 1662587189, 1676971202, 1691396447, 1705839696, 1720319708, 1734830735, 1749372748, 1763949686, 1778553128, 1793182093, 1807845662, 1822536940, 1837262042, 1852011646, 1866799510, 1881610787, 1896451526, 1911318278, 1926219632, 1941150597, 1956115618, 1971110515, 1986123703, 2001171463, 2016248187, 2031353250, 2046489137, 2061648045, 2076836194, 2092049748, 2107299185, 2122567776, 2137865715, 2153195976, 2168551804, 2183935348, 2199349027, 2214788686, 2230251569, 2245740856, 2261265565, 2276815685, 2292390502, 2307983580, 2323611207, 2339264522]

[33mBuilt regression model![0m
Model info:
	r^2:		0.9999999998040224
	p-value:	0
	intercept:	-3.104271749333588
	slope:	1.339656404847211
Fractal dimension: 1.339656404847211
