[33mCounting circles[0m
20%		35m 50.74912836800013s remaining
40%		20m 9.847594274999892s remaining
60%		11m 56.968209339000055s remaining
80%		5m 36.06936355300002s remaining

Took 26m 53.107327552000015s to count circles

[33mDone counting circles![0m
sample points:
[50500000.0, 51000000.0, 51500000.0, 52000000.0, 52500000.0, 53000000.0, 53500000.0, 54000000.0, 54500000.0, 55000000.0, 55500000.0, 56000000.0, 56500000.0, 57000000.0, 57500000.0, 58000000.0, 58500000.0, 59000000.0, 59500000.0, 60000000.0, 60500000.0, 61000000.0, 61500000.0, 62000000.0, 62500000.0, 63000000.0, 63500000.0, 64000000.0, 64500000.0, 65000000.0, 65500000.0, 66000000.0, 66500000.0, 67000000.0, 67500000.0, 68000000.0, 68500000.0, 69000000.0, 69500000.0, 70000000.0, 70500000.0, 71000000.0, 71500000.0, 72000000.0, 72500000.0, 73000000.0, 73500000.0, 74000000.0, 74500000.0, 75000000.0, 75500000.0, 76000000.0, 76500000.0, 77000000.0, 77500000.0, 78000000.0, 78500000.0, 79000000.0, 79500000.0, 80000000.0, 80500000.0, 81000000.0, 81500000.0, 82000000.0, 82500000.0, 83000000.0, 83500000.0, 84000000.0, 84500000.0, 85000000.0, 85500000.0, 86000000.0, 86500000.0, 87000000.0, 87500000.0, 88000000.0, 88500000.0, 89000000.0, 89500000.0, 90000000.0, 90500000.0, 91000000.0, 91500000.0, 92000000.0, 92500000.0, 93000000.0, 93500000.0, 94000000.0, 94500000.0, 95000000.0, 95500000.0, 96000000.0, 96500000.0, 97000000.0, 97500000.0, 98000000.0, 98500000.0, 99000000.0, 99500000.0, 100000000.0]

number of circles fewer than each of those sample points:
[1257266930, 1273917800, 1290632167, 1307396670, 1324215701, 1341075077, 1357986695, 1374966119, 1391980350, 1409052972, 1426179756, 1443364466, 1460598407, 1477886273, 1495218757, 1512604679, 1530055456, 1547544507, 1565085833, 1582676022, 1600307409, 1617996609, 1635726452, 1653503966, 1671321572, 1689207283, 1707137627, 1725102619, 1743114057, 1761187828, 1779305745, 1797465433, 1815660314, 1833912241, 1852215042, 1870563980, 1888956009, 1907395508, 1925871008, 1944393736, 1962971680, 1981600399, 2000249741, 2018949289, 2037705942, 2056481370, 2075305954, 2094177714, 2113083790, 2132028237, 2151018773, 2170057017, 2189131608, 2208245854, 2227417310, 2246632683, 2265889594, 2285180355, 2304514244, 2323894044, 2343304387, 2362759044, 2382253776, 2401797490, 2421373072, 2440997648, 2460656945, 2480339030, 2500071038, 2519835092, 2539642487, 2559499907, 2579376936, 2599309367, 2619284713, 2639300843, 2659359379, 2679448124, 2699569640, 2719727661, 2739933671, 2760175004, 2780451624, 2800777625, 2821127179, 2841514084, 2861938760, 2882387516, 2902876317, 2923404086, 2943958679, 2964563831, 2985203655, 3005880423, 3026589905, 3047328527, 3068106350, 3088925397, 3109780933, 3130654308]

[33mBuilt regression model![0m
Model info:
	r^2:		0.9999999980366562
	p-value:	0
	intercept:	-2.7330843680656614
	slope:	1.335323975419279
Fractal dimension: 1.335323975419279
