[33mCounting circles[0m
13%		1338m 9.841810254001757s remaining
25%		1129m 46.10806418399443s remaining
38%		935m 21.856769714999245s remaining
50%		745m 42.906109593997826s remaining
63%		558m 34.06592540800193s remaining
75%		371m 51.99899454700062s remaining
88%		185m 42.250867437000124s remaining

Took 1484m 31.764252538006986s to count circles

[33mDone counting circles![0m
sample points:
[303000000.0, 306000000.0, 309000000.0, 312000000.0, 315000000.0, 318000000.0, 321000000.0, 324000000.0, 327000000.0, 330000000.0, 333000000.0, 336000000.0, 339000000.0, 342000000.0, 345000000.0, 348000000.0, 351000000.0, 354000000.0, 357000000.0, 360000000.0, 363000000.0, 366000000.0, 369000000.0, 372000000.0, 375000000.0, 378000000.0, 381000000.0, 384000000.0, 387000000.0, 390000000.0, 393000000.0, 396000000.0, 399000000.0, 402000000.0, 405000000.0, 408000000.0, 411000000.0, 414000000.0, 417000000.0, 420000000.0, 423000000.0, 426000000.0, 429000000.0, 432000000.0, 435000000.0, 438000000.0, 441000000.0, 444000000.0, 447000000.0, 450000000.0, 453000000.0, 456000000.0, 459000000.0, 462000000.0, 465000000.0, 468000000.0, 471000000.0, 474000000.0, 477000000.0, 480000000.0, 483000000.0, 486000000.0, 489000000.0, 492000000.0, 495000000.0, 498000000.0, 501000000.0, 504000000.0, 507000000.0, 510000000.0, 513000000.0, 516000000.0, 519000000.0, 522000000.0, 525000000.0, 528000000.0, 531000000.0, 534000000.0, 537000000.0, 540000000.0, 543000000.0, 546000000.0, 549000000.0, 552000000.0, 555000000.0, 558000000.0, 561000000.0, 564000000.0, 567000000.0, 570000000.0, 573000000.0, 576000000.0, 579000000.0, 582000000.0, 585000000.0, 588000000.0, 591000000.0, 594000000.0, 597000000.0, 600000000.0]

number of circles fewer than each of those sample points:
[65438503960, 66399860672, 67365725529, 68336128862, 69311016096, 70290324599, 71274208877, 72262419047, 73255055772, 74252140872, 75253417066, 76259120630, 77269226600, 78283537407, 79302174345, 80325031537, 81352183279, 82383454351, 83419001188, 84458754444, 85502621618, 86550628304, 87602829055, 88659081987, 89719490132, 90783995100, 91852532280, 92925094658, 94001760142, 95082354628, 96167024283, 97255669370, 98348358735, 99444932384, 100545458709, 101649945483, 102758377261, 103870551931, 104986665902, 106106571493, 107230463953, 108358078373, 109489648748, 110624904187, 111763929189, 112906716687, 114053345374, 115203828851, 116357894774, 117515734038, 118677219217, 119842461289, 121011438982, 122184054634, 123360233968, 124540219744, 125723819023, 126910927629, 128101767727, 129296093220, 130494012435, 131695646398, 132900643927, 134109387942, 135321705617, 136537364762, 137756723178, 138979553728, 140205877425, 141435650618, 142668892984, 143905533216, 145145716884, 146389432340, 147636553501, 148887144199, 150141022691, 151398357101, 152658997074, 153923170632, 155190671624, 156461575306, 157735813104, 159013407913, 160294301739, 161578559294, 162866059612, 164156903253, 165451099959, 166748528060, 168049294511, 169353345939, 170660699904, 171971261966, 173285098930, 174602061364, 175922302701, 177245753592, 178572483975, 179902349066]

[33mBuilt regression model![0m
Model info:
	r^2:		0.9999999999873099
	p-value:	0
	intercept:	-4.003830037505644
	slope:	1.48025222690353
Fractal dimension: 1.48025222690353
