[33mCounting circles[0m
8%		1273m 10.415216873996542s remaining
17%		1157m 39.36970614400343s remaining
25%		1043m 2.670581564998429s remaining
33%		926m 36.4244817660001s remaining
42%		814m 44.1259174279985s remaining
50%		701m 51.32877417500276s remaining
58%		584m 14.901446734998899s remaining
67%		466m 55.48370961399996s remaining
75%		350m 0.15406458399957046s remaining
83%		233m 13.48450728500029s remaining
92%		116m 36.20995856100035s remaining

Took 1402m 35.58718184099416s to count circles

[33mDone counting circles![0m
sample points:
[303000000.0, 306000000.0, 309000000.0, 312000000.0, 315000000.0, 318000000.0, 321000000.0, 324000000.0, 327000000.0, 330000000.0, 333000000.0, 336000000.0, 339000000.0, 342000000.0, 345000000.0, 348000000.0, 351000000.0, 354000000.0, 357000000.0, 360000000.0, 363000000.0, 366000000.0, 369000000.0, 372000000.0, 375000000.0, 378000000.0, 381000000.0, 384000000.0, 387000000.0, 390000000.0, 393000000.0, 396000000.0, 399000000.0, 402000000.0, 405000000.0, 408000000.0, 411000000.0, 414000000.0, 417000000.0, 420000000.0, 423000000.0, 426000000.0, 429000000.0, 432000000.0, 435000000.0, 438000000.0, 441000000.0, 444000000.0, 447000000.0, 450000000.0, 453000000.0, 456000000.0, 459000000.0, 462000000.0, 465000000.0, 468000000.0, 471000000.0, 474000000.0, 477000000.0, 480000000.0, 483000000.0, 486000000.0, 489000000.0, 492000000.0, 495000000.0, 498000000.0, 501000000.0, 504000000.0, 507000000.0, 510000000.0, 513000000.0, 516000000.0, 519000000.0, 522000000.0, 525000000.0, 528000000.0, 531000000.0, 534000000.0, 537000000.0, 540000000.0, 543000000.0, 546000000.0, 549000000.0, 552000000.0, 555000000.0, 558000000.0, 561000000.0, 564000000.0, 567000000.0, 570000000.0, 573000000.0, 576000000.0, 579000000.0, 582000000.0, 585000000.0, 588000000.0, 591000000.0, 594000000.0, 597000000.0, 600000000.0]

number of circles fewer than each of those sample points:
[19033256332, 19292460269, 19552622065, 19813740337, 20075761329, 20338729583, 20602623505, 20867431873, 21133153036, 21399751890, 21667308858, 21935751951, 22205098038, 22475331089, 22746468084, 23018421959, 23291250235, 23565017328, 23839612535, 24115077927, 24391421382, 24668587158, 24946612731, 25225509939, 25505231407, 25785815505, 26067209204, 26349394957, 26632423625, 26916262692, 27200945267, 27486421712, 27772678349, 28059803777, 28347720020, 28636429736, 28925905418, 29216195479, 29507251500, 29799117116, 30091764675, 30385172221, 30679359607, 30974283224, 31269986109, 31566453100, 31863677075, 32161647499, 32460393308, 32759874614, 33060122200, 33361113601, 33662807744, 33965264330, 34268467363, 34572399305, 34877033337, 35182408363, 35488546679, 35795358726, 36102910470, 36411154268, 36720150567, 37029795558, 37340209582, 37651331367, 37963122635, 38275612410, 38588775799, 38902658312, 39217200611, 39532407631, 39848338819, 40164959165, 40482232071, 40800204829, 41118867951, 41438184169, 41758207551, 42078868788, 42400156209, 42722121004, 43044717690, 43368017678, 43691951023, 44016538481, 44341773141, 44667696304, 44994229837, 45321419612, 45649243430, 45977718834, 46306865525, 46636607962, 46967003556, 47298016099, 47629636754, 47961896689, 48294741979, 48628292991]

[33mBuilt regression model![0m
Model info:
	r^2:		0.9999999993854386
	p-value:	0
	intercept:	-3.1440709367139448
	slope:	1.372992836283798
Fractal dimension: 1.372992836283798
