[33mCounting circles[0m
17%		306m 40.544056254999305s remaining
33%		245m 22.32984326800033s remaining
50%		184m 0.27513892500064685s remaining
67%		122m 42.653155885999695s remaining
83%		61m 21.914124238000113s remaining

Took 368m 19.15232375100095s to count circles

[33mDone counting circles![0m
sample points:
[303000000.0, 306000000.0, 309000000.0, 312000000.0, 315000000.0, 318000000.0, 321000000.0, 324000000.0, 327000000.0, 330000000.0, 333000000.0, 336000000.0, 339000000.0, 342000000.0, 345000000.0, 348000000.0, 351000000.0, 354000000.0, 357000000.0, 360000000.0, 363000000.0, 366000000.0, 369000000.0, 372000000.0, 375000000.0, 378000000.0, 381000000.0, 384000000.0, 387000000.0, 390000000.0, 393000000.0, 396000000.0, 399000000.0, 402000000.0, 405000000.0, 408000000.0, 411000000.0, 414000000.0, 417000000.0, 420000000.0, 423000000.0, 426000000.0, 429000000.0, 432000000.0, 435000000.0, 438000000.0, 441000000.0, 444000000.0, 447000000.0, 450000000.0, 453000000.0, 456000000.0, 459000000.0, 462000000.0, 465000000.0, 468000000.0, 471000000.0, 474000000.0, 477000000.0, 480000000.0, 483000000.0, 486000000.0, 489000000.0, 492000000.0, 495000000.0, 498000000.0, 501000000.0, 504000000.0, 507000000.0, 510000000.0, 513000000.0, 516000000.0, 519000000.0, 522000000.0, 525000000.0, 528000000.0, 531000000.0, 534000000.0, 537000000.0, 540000000.0, 543000000.0, 546000000.0, 549000000.0, 552000000.0, 555000000.0, 558000000.0, 561000000.0, 564000000.0, 567000000.0, 570000000.0, 573000000.0, 576000000.0, 579000000.0, 582000000.0, 585000000.0, 588000000.0, 591000000.0, 594000000.0, 597000000.0, 600000000.0]

number of circles fewer than each of those sample points:
[13756489735, 13938704640, 14121446693, 14304831629, 14488814572, 14673383104, 14858478515, 15044184198, 15230486080, 15417373975, 15604787700, 15792785079, 15981344236, 16170477818, 16360154473, 16550418862, 16741207221, 16932548183, 17124468520, 17316932395, 17509893148, 17703414546, 17897462652, 18092031887, 18287126529, 18482724350, 18678884410, 18875561381, 19072699073, 19270404988, 19468627086, 19667338626, 19866572253, 20066306703, 20266552261, 20467311081, 20668542325, 20870216177, 21072395812, 21275062087, 21478171849, 21681791430, 21885894470, 22090456697, 22295507695, 22500977137, 22707000792, 22913517451, 23120454665, 23327869054, 23535736104, 23744082289, 23952909468, 24162143952, 24371883613, 24582087940, 24792747279, 25003866699, 25215431640, 25427435320, 25639874739, 25852755583, 26066060210, 26279811260, 26494010956, 26708661298, 26923720283, 27139208906, 27355182332, 27571554631, 27788346535, 28005600561, 28223234421, 28441326389, 28659821946, 28878695695, 29098046392, 29317769283, 29537896997, 29758510127, 29979485311, 30200899087, 30422721325, 30644932875, 30867543923, 31090554853, 31313935369, 31537743581, 31761965823, 31986554303, 32211523692, 32436902560, 32662684180, 32888815876, 33115362144, 33342308842, 33569683347, 33797413480, 34025429516, 34253921033]

[33mBuilt regression model![0m
Model info:
	r^2:		0.9999999996713439
	p-value:	0
	intercept:	-2.733173288068407
	slope:	1.3353282911029116
Fractal dimension: 1.3353282911029116
