[33mCounting circles[0m
9%		723m 45.68070936000004s remaining
18%		365m 0.04352789399854373s remaining
27%		240m 5.671014583000215s remaining
36%		173m 17.122352652999325s remaining
45%		129m 30.21779379599957s remaining
55%		97m 10.942312365000362s remaining
64%		71m 28.24804413699985s remaining
73%		50m 0.6604711979998683s remaining
82%		31m 27.408829732999948s remaining
91%		14m 59.087253249000014s remaining

Took 158m 20.538600133999353s to count circles

[33mDone counting circles![0m
sample points:
[202000000.0, 204000000.0, 206000000.0, 208000000.0, 210000000.0, 212000000.0, 214000000.0, 216000000.0, 218000000.0, 220000000.0, 222000000.0, 224000000.0, 226000000.0, 228000000.0, 230000000.0, 232000000.0, 234000000.0, 236000000.0, 238000000.0, 240000000.0, 242000000.0, 244000000.0, 246000000.0, 248000000.0, 250000000.0, 252000000.0, 254000000.0, 256000000.0, 258000000.0, 260000000.0, 262000000.0, 264000000.0, 266000000.0, 268000000.0, 270000000.0, 272000000.0, 274000000.0, 276000000.0, 278000000.0, 280000000.0, 282000000.0, 284000000.0, 286000000.0, 288000000.0, 290000000.0, 292000000.0, 294000000.0, 296000000.0, 298000000.0, 300000000.0, 302000000.0, 304000000.0, 306000000.0, 308000000.0, 310000000.0, 312000000.0, 314000000.0, 316000000.0, 318000000.0, 320000000.0, 322000000.0, 324000000.0, 326000000.0, 328000000.0, 330000000.0, 332000000.0, 334000000.0, 336000000.0, 338000000.0, 340000000.0, 342000000.0, 344000000.0, 346000000.0, 348000000.0, 350000000.0, 352000000.0, 354000000.0, 356000000.0, 358000000.0, 360000000.0, 362000000.0, 364000000.0, 366000000.0, 368000000.0, 370000000.0, 372000000.0, 374000000.0, 376000000.0, 378000000.0, 380000000.0, 382000000.0, 384000000.0, 386000000.0, 388000000.0, 390000000.0, 392000000.0, 394000000.0, 396000000.0, 398000000.0, 400000000.0]

number of circles fewer than each of those sample points:
[3089637812, 3130319939, 3171130674, 3212063954, 3253123266, 3294311168, 3335627342, 3377086786, 3418668224, 3460356391, 3502171148, 3544123357, 3586194240, 3628380917, 3670695437, 3713136625, 3755686739, 3798354245, 3841143189, 3884065090, 3927095408, 3970242888, 4013496826, 4056865007, 4100347591, 4143952534, 4187670690, 4231494576, 4275441013, 4319491877, 4363656521, 4407928017, 4452319209, 4496811604, 4541411380, 4586123560, 4630942017, 4675856425, 4720883714, 4766024806, 4811274002, 4856617292, 4902076050, 4947640420, 4993299157, 5039054750, 5084929678, 5130897287, 5176976457, 5223147906, 5269429707, 5315808219, 5362282124, 5408847382, 5455510389, 5502282585, 5549150937, 5596118220, 5643188378, 5690355186, 5737623716, 5784991382, 5832449255, 5879993202, 5927635433, 5975367994, 6023212438, 6071136858, 6119150372, 6167248389, 6215457187, 6263756659, 6312149243, 6360633680, 6409206754, 6457875493, 6506629137, 6555465401, 6604406023, 6653437017, 6702555473, 6751752766, 6801039241, 6850416442, 6899876447, 6949437220, 6999083183, 7048809323, 7098618500, 7148525504, 7198523603, 7248586417, 7298744898, 7348996744, 7399315691, 7449726871, 7500210610, 7550783741, 7601458950, 7652210945]

[33mBuilt regression model![0m
Model info:
	r^2:		0.9999999999435781
	p-value:	0
	intercept:	-3.5353596422431934
	slope:	1.3274930895614196
Fractal dimension: 1.3274930895614196
