[33mCounting circles[0m
13%		455m 9.96205127400026s remaining
25%		232m 32.555135804999736s remaining
38%		150m 0.3087856660004036s remaining
50%		102m 30.15867707599955s remaining
63%		68m 59.27217888399991s remaining
75%		42m 29.041662997999993s remaining
88%		19m 59.36648687000002s remaining

Took 152m 25.836982531000103s to count circles

[33mDone counting circles![0m
sample points:
[202000000.0, 204000000.0, 206000000.0, 208000000.0, 210000000.0, 212000000.0, 214000000.0, 216000000.0, 218000000.0, 220000000.0, 222000000.0, 224000000.0, 226000000.0, 228000000.0, 230000000.0, 232000000.0, 234000000.0, 236000000.0, 238000000.0, 240000000.0, 242000000.0, 244000000.0, 246000000.0, 248000000.0, 250000000.0, 252000000.0, 254000000.0, 256000000.0, 258000000.0, 260000000.0, 262000000.0, 264000000.0, 266000000.0, 268000000.0, 270000000.0, 272000000.0, 274000000.0, 276000000.0, 278000000.0, 280000000.0, 282000000.0, 284000000.0, 286000000.0, 288000000.0, 290000000.0, 292000000.0, 294000000.0, 296000000.0, 298000000.0, 300000000.0, 302000000.0, 304000000.0, 306000000.0, 308000000.0, 310000000.0, 312000000.0, 314000000.0, 316000000.0, 318000000.0, 320000000.0, 322000000.0, 324000000.0, 326000000.0, 328000000.0, 330000000.0, 332000000.0, 334000000.0, 336000000.0, 338000000.0, 340000000.0, 342000000.0, 344000000.0, 346000000.0, 348000000.0, 350000000.0, 352000000.0, 354000000.0, 356000000.0, 358000000.0, 360000000.0, 362000000.0, 364000000.0, 366000000.0, 368000000.0, 370000000.0, 372000000.0, 374000000.0, 376000000.0, 378000000.0, 380000000.0, 382000000.0, 384000000.0, 386000000.0, 388000000.0, 390000000.0, 392000000.0, 394000000.0, 396000000.0, 398000000.0, 400000000.0]

number of circles fewer than each of those sample points:
[4127648931, 4182317693, 4237174228, 4292198624, 4347393461, 4402772534, 4458327337, 4514063788, 4569964257, 4626032829, 4682279220, 4738692263, 4795278267, 4852025178, 4908951501, 4966040676, 5023293984, 5080719818, 5138294410, 5196030978, 5253935348, 5311996538, 5370217481, 5428605140, 5487159638, 5545858712, 5604715460, 5663730074, 5722878900, 5782202594, 5841687571, 5901309637, 5961086319, 6021019729, 6081116273, 6141347383, 6201727985, 6262250654, 6322913945, 6383730659, 6444697524, 6505815019, 6567077652, 6628484676, 6690023198, 6751696268, 6813530167, 6875505071, 6937605557, 6999849423, 7062238952, 7124760623, 7187420692, 7250227549, 7313170668, 7376244282, 7439451246, 7502800737, 7566285654, 7629911708, 7693667609, 7757550450, 7821553499, 7885698933, 7949962074, 8014376864, 8078922614, 8143594833, 8208371288, 8273294204, 8338366845, 8403535417, 8468857696, 8534286964, 8599842140, 8665536418, 8731357526, 8797304204, 8863354060, 8929535269, 8995831904, 9062259629, 9128811895, 9195500947, 9262301888, 9329216391, 9396271190, 9463420581, 9530694269, 9598095712, 9665613469, 9733254430, 9801017116, 9868887071, 9936875116, 10004985797, 10073207923, 10141551993, 10210010286, 10278595007]

[33mBuilt regression model![0m
Model info:
	r^2:		0.999999999961245
	p-value:	0
	intercept:	-3.3973374886303276
	slope:	1.335421879001465
Fractal dimension: 1.335421879001465
