[33mCounting circles[0m
14%		352m 40.68038179799987s remaining
29%		182m 25.943912906999685s remaining
43%		116m 12.712664652999592s remaining
57%		76m 0.7070613369996863s remaining
71%		46m 16.92905679400019s remaining
86%		21m 38.98731477599995s remaining

Took 144m 5.935073796999859s to count circles

[33mDone counting circles![0m
sample points:
[202000000.0, 204000000.0, 206000000.0, 208000000.0, 210000000.0, 212000000.0, 214000000.0, 216000000.0, 218000000.0, 220000000.0, 222000000.0, 224000000.0, 226000000.0, 228000000.0, 230000000.0, 232000000.0, 234000000.0, 236000000.0, 238000000.0, 240000000.0, 242000000.0, 244000000.0, 246000000.0, 248000000.0, 250000000.0, 252000000.0, 254000000.0, 256000000.0, 258000000.0, 260000000.0, 262000000.0, 264000000.0, 266000000.0, 268000000.0, 270000000.0, 272000000.0, 274000000.0, 276000000.0, 278000000.0, 280000000.0, 282000000.0, 284000000.0, 286000000.0, 288000000.0, 290000000.0, 292000000.0, 294000000.0, 296000000.0, 298000000.0, 300000000.0, 302000000.0, 304000000.0, 306000000.0, 308000000.0, 310000000.0, 312000000.0, 314000000.0, 316000000.0, 318000000.0, 320000000.0, 322000000.0, 324000000.0, 326000000.0, 328000000.0, 330000000.0, 332000000.0, 334000000.0, 336000000.0, 338000000.0, 340000000.0, 342000000.0, 344000000.0, 346000000.0, 348000000.0, 350000000.0, 352000000.0, 354000000.0, 356000000.0, 358000000.0, 360000000.0, 362000000.0, 364000000.0, 366000000.0, 368000000.0, 370000000.0, 372000000.0, 374000000.0, 376000000.0, 378000000.0, 380000000.0, 382000000.0, 384000000.0, 386000000.0, 388000000.0, 390000000.0, 392000000.0, 394000000.0, 396000000.0, 398000000.0, 400000000.0]

number of circles fewer than each of those sample points:
[4841801436, 4906061436, 4970545454, 5035228582, 5100115325, 5165228384, 5230537015, 5296054301, 5361769474, 5427708710, 5493839951, 5560165932, 5626699484, 5693430638, 5760367476, 5827502944, 5894814226, 5962339117, 6030053403, 6097958403, 6166044142, 6234343247, 6302821746, 6371486255, 6440344886, 6509388848, 6578624187, 6648044835, 6717632265, 6787400527, 6857361572, 6927523464, 6997844203, 7068360010, 7139029399, 7209886647, 7280920060, 7352113450, 7423496623, 7495048712, 7566786745, 7638679487, 7710755120, 7782989642, 7855402575, 7927982500, 8000733275, 8073659367, 8146737245, 8220008834, 8293424414, 8367006570, 8440756424, 8514659754, 8588736975, 8662969418, 8737343616, 8811888880, 8886607701, 8961492832, 9036523643, 9111720665, 9187056826, 9262551971, 9338203358, 9414022498, 9489995400, 9566106470, 9642384648, 9718795831, 9795392858, 9872134349, 9949016398, 10026039501, 10103216578, 10180562214, 10258055390, 10335675823, 10413471885, 10491399377, 10569473239, 10647682123, 10726029601, 10804538889, 10883200220, 10961985393, 11040934641, 11120023720, 11199239569, 11278606540, 11358113034, 11437782679, 11517564669, 11597508938, 11677581185, 11757795134, 11838130518, 11918601543, 11999235479, 12079992361]

[33mBuilt regression model![0m
Model info:
	r^2:		0.9999999999690651
	p-value:	0
	intercept:	-3.291153151242476
	slope:	1.3382138683414655
Fractal dimension: 1.3382138683414655
