[33mCounting circles[0m
11%		496m 38.071249224001804s remaining
22%		251m 49.17167551300008s remaining
33%		163m 42.976647217999925s remaining
44%		114m 43.1427851870003s remaining
56%		81m 20.41632743900027s remaining
67%		55m 46.0256035970001s remaining
78%		34m 40.35306104600022s remaining
89%		16m 23.82040010000003s remaining

Took 141m 0.4332196199993632s to count circles

[33mDone counting circles![0m
sample points:
[202000000.0, 204000000.0, 206000000.0, 208000000.0, 210000000.0, 212000000.0, 214000000.0, 216000000.0, 218000000.0, 220000000.0, 222000000.0, 224000000.0, 226000000.0, 228000000.0, 230000000.0, 232000000.0, 234000000.0, 236000000.0, 238000000.0, 240000000.0, 242000000.0, 244000000.0, 246000000.0, 248000000.0, 250000000.0, 252000000.0, 254000000.0, 256000000.0, 258000000.0, 260000000.0, 262000000.0, 264000000.0, 266000000.0, 268000000.0, 270000000.0, 272000000.0, 274000000.0, 276000000.0, 278000000.0, 280000000.0, 282000000.0, 284000000.0, 286000000.0, 288000000.0, 290000000.0, 292000000.0, 294000000.0, 296000000.0, 298000000.0, 300000000.0, 302000000.0, 304000000.0, 306000000.0, 308000000.0, 310000000.0, 312000000.0, 314000000.0, 316000000.0, 318000000.0, 320000000.0, 322000000.0, 324000000.0, 326000000.0, 328000000.0, 330000000.0, 332000000.0, 334000000.0, 336000000.0, 338000000.0, 340000000.0, 342000000.0, 344000000.0, 346000000.0, 348000000.0, 350000000.0, 352000000.0, 354000000.0, 356000000.0, 358000000.0, 360000000.0, 362000000.0, 364000000.0, 366000000.0, 368000000.0, 370000000.0, 372000000.0, 374000000.0, 376000000.0, 378000000.0, 380000000.0, 382000000.0, 384000000.0, 386000000.0, 388000000.0, 390000000.0, 392000000.0, 394000000.0, 396000000.0, 398000000.0, 400000000.0]

number of circles fewer than each of those sample points:
[3656850386, 3705188248, 3753669968, 3802301774, 3851093728, 3900035310, 3949138969, 3998391355, 4047799309, 4097370143, 4147071979, 4196930245, 4246934871, 4297097984, 4347401323, 4397846689, 4448434716, 4499171137, 4550048866, 4601071108, 4652230363, 4703521413, 4754973312, 4806554496, 4858277426, 4910135530, 4962120591, 5014256657, 5066524277, 5118929012, 5171457988, 5224143461, 5276940552, 5329880633, 5382936072, 5436136676, 5489454625, 5542913457, 5596504737, 5650211801, 5704060089, 5758035113, 5812127472, 5866354169, 5920694798, 5975182253, 6029773658, 6084506073, 6139330545, 6194294543, 6249393820, 6304616044, 6359942704, 6415388839, 6470958249, 6526657386, 6582461409, 6638388595, 6694434680, 6750591984, 6806880201, 6863265262, 6919772210, 6976389018, 7033134875, 7089982615, 7146950399, 7204027336, 7261225371, 7318543027, 7375948842, 7433487684, 7491130044, 7548880100, 7606739518, 7664714745, 7722799932, 7780997988, 7839294425, 7897702337, 7956230756, 8014855887, 8073588387, 8132430918, 8191390766, 8250448390, 8309604474, 8368857542, 8428231741, 8487699887, 8547281775, 8606962994, 8666742493, 8726647310, 8786641445, 8846747714, 8906944140, 8967248224, 9027640890, 9088147026]

[33mBuilt regression model![0m
Model info:
	r^2:		0.9999999999559941
	p-value:	0
	intercept:	-3.4627567449709247
	slope:	1.3325099342975393
Fractal dimension: 1.3325099342975393
