[33mCounting circles[0m
17%		287m 17.366796894999425s remaining
33%		152m 31.109384577999663s remaining
50%		95m 3.367532074000337s remaining
67%		56m 55.5129417889998s remaining
83%		26m 31.787352199999987s remaining

Took 151m 27.42324774699955s to count circles

[33mDone counting circles![0m
sample points:
[202000000.0, 204000000.0, 206000000.0, 208000000.0, 210000000.0, 212000000.0, 214000000.0, 216000000.0, 218000000.0, 220000000.0, 222000000.0, 224000000.0, 226000000.0, 228000000.0, 230000000.0, 232000000.0, 234000000.0, 236000000.0, 238000000.0, 240000000.0, 242000000.0, 244000000.0, 246000000.0, 248000000.0, 250000000.0, 252000000.0, 254000000.0, 256000000.0, 258000000.0, 260000000.0, 262000000.0, 264000000.0, 266000000.0, 268000000.0, 270000000.0, 272000000.0, 274000000.0, 276000000.0, 278000000.0, 280000000.0, 282000000.0, 284000000.0, 286000000.0, 288000000.0, 290000000.0, 292000000.0, 294000000.0, 296000000.0, 298000000.0, 300000000.0, 302000000.0, 304000000.0, 306000000.0, 308000000.0, 310000000.0, 312000000.0, 314000000.0, 316000000.0, 318000000.0, 320000000.0, 322000000.0, 324000000.0, 326000000.0, 328000000.0, 330000000.0, 332000000.0, 334000000.0, 336000000.0, 338000000.0, 340000000.0, 342000000.0, 344000000.0, 346000000.0, 348000000.0, 350000000.0, 352000000.0, 354000000.0, 356000000.0, 358000000.0, 360000000.0, 362000000.0, 364000000.0, 366000000.0, 368000000.0, 370000000.0, 372000000.0, 374000000.0, 376000000.0, 378000000.0, 380000000.0, 382000000.0, 384000000.0, 386000000.0, 388000000.0, 390000000.0, 392000000.0, 394000000.0, 396000000.0, 398000000.0, 400000000.0]

number of circles fewer than each of those sample points:
[5999960191, 6079679459, 6159650814, 6239902216, 6320413771, 6401188999, 6482216178, 6563501765, 6645059808, 6726844213, 6808892070, 6891189783, 6973741066, 7056525934, 7139579292, 7222881981, 7306430753, 7390210450, 7474241569, 7558495576, 7642996216, 7727728424, 7812692250, 7897888197, 7983338858, 8069033023, 8154929683, 8241078165, 8327447734, 8414036877, 8500870269, 8587908637, 8675175141, 8762659019, 8850365673, 8938284811, 9026434055, 9114816010, 9203423941, 9292234314, 9381260936, 9470510197, 9559980815, 9649642881, 9739520635, 9829613243, 9919906984, 10010420561, 10101133294, 10192041556, 10283174338, 10374507758, 10466035691, 10557762387, 10649684723, 10741824683, 10834174086, 10926731317, 11019468009, 11112416927, 11205565114, 11298917599, 11392453047, 11486174682, 11580095480, 11674218894, 11768535869, 11863042594, 11957737256, 12052616352, 12147703449, 12242967477, 12338426273, 12434055646, 12529878995, 12625886853, 12722062323, 12818451550, 12915009644, 13011754669, 13108698077, 13205813535, 13303102745, 13400565337, 13498227936, 13596075998, 13694083011, 13792270796, 13890639699, 13989195691, 14087921944, 14186807780, 14285877187, 14385121934, 14484554604, 14584164126, 14683938690, 14783873658, 14883999224, 14984305096]

[33mBuilt regression model![0m
Model info:
	r^2:		0.9999999999696332
	p-value:	0
	intercept:	-3.1042313798031245
	slope:	1.339654224344592
Fractal dimension: 1.339654224344592
