[33mCounting circles[0m
20%		222m 5.054042699999627s remaining
40%		124m 14.528055636999852s remaining
60%		73m 28.720111923999866s remaining
80%		34m 23.643828274000043s remaining

Took 164m 55.50680696100062s to count circles

[33mDone counting circles![0m
sample points:
[202000000.0, 204000000.0, 206000000.0, 208000000.0, 210000000.0, 212000000.0, 214000000.0, 216000000.0, 218000000.0, 220000000.0, 222000000.0, 224000000.0, 226000000.0, 228000000.0, 230000000.0, 232000000.0, 234000000.0, 236000000.0, 238000000.0, 240000000.0, 242000000.0, 244000000.0, 246000000.0, 248000000.0, 250000000.0, 252000000.0, 254000000.0, 256000000.0, 258000000.0, 260000000.0, 262000000.0, 264000000.0, 266000000.0, 268000000.0, 270000000.0, 272000000.0, 274000000.0, 276000000.0, 278000000.0, 280000000.0, 282000000.0, 284000000.0, 286000000.0, 288000000.0, 290000000.0, 292000000.0, 294000000.0, 296000000.0, 298000000.0, 300000000.0, 302000000.0, 304000000.0, 306000000.0, 308000000.0, 310000000.0, 312000000.0, 314000000.0, 316000000.0, 318000000.0, 320000000.0, 322000000.0, 324000000.0, 326000000.0, 328000000.0, 330000000.0, 332000000.0, 334000000.0, 336000000.0, 338000000.0, 340000000.0, 342000000.0, 344000000.0, 346000000.0, 348000000.0, 350000000.0, 352000000.0, 354000000.0, 356000000.0, 358000000.0, 360000000.0, 362000000.0, 364000000.0, 366000000.0, 368000000.0, 370000000.0, 372000000.0, 374000000.0, 376000000.0, 378000000.0, 380000000.0, 382000000.0, 384000000.0, 386000000.0, 388000000.0, 390000000.0, 392000000.0, 394000000.0, 396000000.0, 398000000.0, 400000000.0]

number of circles fewer than each of those sample points:
[8005227129, 8111244048, 8217597436, 8324327630, 8431378460, 8538773716, 8646509069, 8754587759, 8862985187, 8971710355, 9080775523, 9190161315, 9299872439, 9409946510, 9520325993, 9631005735, 9742021664, 9853335358, 9964999291, 10076991780, 10189259708, 10301879078, 10414766998, 10527992878, 10641508656, 10755327571, 10869475141, 10983921323, 11098647710, 11213708354, 11329039633, 11444690442, 11560638770, 11676834479, 11793351818, 11910170349, 12027271568, 12144645419, 12262308164, 12380281545, 12498502367, 12616998708, 12735758061, 12854815453, 12974149661, 13093765792, 13213624936, 13333761233, 13454177336, 13574888787, 13695893059, 13817165142, 13938704165, 14060480694, 14182515287, 14304831205, 14427420180, 14550259870, 14673382635, 14796702843, 14920306966, 15044183680, 15168306529, 15292725669, 15417373554, 15542244339, 15667401743, 15792784597, 15918449283, 16044351240, 16170477274, 16296861146, 16423504603, 16550418361, 16677547317, 16804940481, 16932547673, 17060437282, 17188565609, 17316931798, 17445514280, 17574342866, 17703413979, 17832730763, 17962271404, 18092031284, 18222011747, 18352246941, 18482723715, 18613459389, 18744379201, 18875560828, 19006927421, 19138554051, 19270404249, 19402507605, 19534794990, 19667337876, 19800100645, 19933102882]

[33mBuilt regression model![0m
Model info:
	r^2:		0.9999999997364311
	p-value:	0
	intercept:	-2.7329726118206707
	slope:	1.335318097681861
Fractal dimension: 1.335318097681861
