[33mCounting circles[0m
8%		845m 49.31717456699698s remaining
17%		745m 5.969318549003219s remaining
25%		660m 37.87789952100138s remaining
33%		574m 51.12267765800061s remaining
42%		496m 59.10667502299839s remaining
50%		423m 20.013562385000114s remaining
58%		351m 3.918930987998465s remaining
67%		279m 18.63194525400104s remaining
75%		208m 23.06563526299942s remaining
83%		138m 24.75885692600059s remaining
92%		69m 5.33361112700004s remaining

Took 828m 30.039202441003s to count circles

[33mDone counting circles![0m
sample points:
[151500000.0, 153000000.0, 154500000.0, 156000000.0, 157500000.0, 159000000.0, 160500000.0, 162000000.0, 163500000.0, 165000000.0, 166500000.0, 168000000.0, 169500000.0, 171000000.0, 172500000.0, 174000000.0, 175500000.0, 177000000.0, 178500000.0, 180000000.0, 181500000.0, 183000000.0, 184500000.0, 186000000.0, 187500000.0, 189000000.0, 190500000.0, 192000000.0, 193500000.0, 195000000.0, 196500000.0, 198000000.0, 199500000.0, 201000000.0, 202500000.0, 204000000.0, 205500000.0, 207000000.0, 208500000.0, 210000000.0, 211500000.0, 213000000.0, 214500000.0, 216000000.0, 217500000.0, 219000000.0, 220500000.0, 222000000.0, 223500000.0, 225000000.0, 226500000.0, 228000000.0, 229500000.0, 231000000.0, 232500000.0, 234000000.0, 235500000.0, 237000000.0, 238500000.0, 240000000.0, 241500000.0, 243000000.0, 244500000.0, 246000000.0, 247500000.0, 249000000.0, 250500000.0, 252000000.0, 253500000.0, 255000000.0, 256500000.0, 258000000.0, 259500000.0, 261000000.0, 262500000.0, 264000000.0, 265500000.0, 267000000.0, 268500000.0, 270000000.0, 271500000.0, 273000000.0, 274500000.0, 276000000.0, 277500000.0, 279000000.0, 280500000.0, 282000000.0, 283500000.0, 285000000.0, 286500000.0, 288000000.0, 289500000.0, 291000000.0, 292500000.0, 294000000.0, 295500000.0, 297000000.0, 298500000.0, 300000000.0]

number of circles fewer than each of those sample points:
[13451271838, 13639811737, 13829087314, 14019130188, 14209931934, 14401486031, 14593792558, 14786825211, 14980611109, 15175131327, 15370362749, 15566298104, 15762985675, 15960422226, 16158544783, 16357392697, 16556961122, 16757226304, 16958186038, 17159854810, 17362182099, 17565237259, 17768967565, 17973378232, 18178468988, 18384246259, 18590685504, 18797815377, 19005613063, 19214068289, 19423198276, 19633004293, 19843445119, 20054548925, 20266286415, 20478713145, 20691750394, 20905446380, 21119760102, 21334701511, 21550270481, 21766516781, 21983351231, 22200832607, 22418937269, 22637633001, 22856986194, 23076953502, 23297531439, 23518717198, 23740512052, 23962929369, 24185955338, 24409559540, 24633775859, 24858586192, 25084008452, 25310002444, 25536571603, 25763722776, 25991488113, 26219844810, 26448758701, 26678260881, 26908328048, 27138996672, 27370225936, 27602027510, 27834423389, 28067382388, 28300880075, 28534943137, 28769601622, 29004820732, 29240575685, 29476883007, 29713761906, 29951195604, 30189190701, 30427680920, 30666763336, 30906377904, 31146516333, 31387216787, 31628477852, 31870261080, 32112592848, 32355456065, 32598851730, 32842766556, 33087222870, 33332228839, 33577718342, 33823742509, 34070296930, 34317390627, 34565013312, 34813147300, 35061789655, 35310966170]

[33mBuilt regression model![0m
Model info:
	r^2:		0.999999999978966
	p-value:	0
	intercept:	-3.2864924460949467
	slope:	1.4126510265196899
Fractal dimension: 1.4126510265196899
