[33mCounting circles[0m
10%		568m 58.94499396000174s remaining
20%		505m 12.149161435998394s remaining
30%		444m 20.37794821499847s remaining
40%		385m 16.34682308400079s remaining
50%		323m 23.588683368998318s remaining
60%		259m 56.583371446000456s remaining
70%		195m 33.09966236299988s remaining
80%		130m 39.75261090999993s remaining
90%		65m 27.572873358999914s remaining

Took 655m 43.855912598999566s to count circles

[33mDone counting circles![0m
sample points:
[151500000.0, 153000000.0, 154500000.0, 156000000.0, 157500000.0, 159000000.0, 160500000.0, 162000000.0, 163500000.0, 165000000.0, 166500000.0, 168000000.0, 169500000.0, 171000000.0, 172500000.0, 174000000.0, 175500000.0, 177000000.0, 178500000.0, 180000000.0, 181500000.0, 183000000.0, 184500000.0, 186000000.0, 187500000.0, 189000000.0, 190500000.0, 192000000.0, 193500000.0, 195000000.0, 196500000.0, 198000000.0, 199500000.0, 201000000.0, 202500000.0, 204000000.0, 205500000.0, 207000000.0, 208500000.0, 210000000.0, 211500000.0, 213000000.0, 214500000.0, 216000000.0, 217500000.0, 219000000.0, 220500000.0, 222000000.0, 223500000.0, 225000000.0, 226500000.0, 228000000.0, 229500000.0, 231000000.0, 232500000.0, 234000000.0, 235500000.0, 237000000.0, 238500000.0, 240000000.0, 241500000.0, 243000000.0, 244500000.0, 246000000.0, 247500000.0, 249000000.0, 250500000.0, 252000000.0, 253500000.0, 255000000.0, 256500000.0, 258000000.0, 259500000.0, 261000000.0, 262500000.0, 264000000.0, 265500000.0, 267000000.0, 268500000.0, 270000000.0, 271500000.0, 273000000.0, 274500000.0, 276000000.0, 277500000.0, 279000000.0, 280500000.0, 282000000.0, 283500000.0, 285000000.0, 286500000.0, 288000000.0, 289500000.0, 291000000.0, 292500000.0, 294000000.0, 295500000.0, 297000000.0, 298500000.0, 300000000.0]

number of circles fewer than each of those sample points:
[11563104682, 11723669742, 11884851138, 12046681475, 12209138884, 12372226783, 12535932700, 12700256845, 12865201121, 13030700598, 13196818047, 13363534452, 13530880611, 13698785100, 13867287844, 14036407174, 14206049629, 14376296174, 14547147689, 14718557567, 14890512716, 15063056747, 15236177904, 15409852546, 15584112926, 15758885526, 15934236354, 16110134586, 16286590033, 16463604315, 16641170386, 16819288735, 16997903871, 17177071739, 17356751105, 17536976978, 17717717428, 17899005294, 18080822032, 18263174225, 18446040303, 18629430989, 18813296698, 18997701303, 19182632261, 19368088932, 19554018363, 19740489502, 19927454042, 20114894771, 20302834352, 20491316742, 20680295724, 20869768279, 21059706101, 21250151415, 21441071875, 21632483618, 21824395544, 22016780932, 22209646124, 22402989777, 22596807808, 22791105995, 22985858662, 23181117206, 23376805127, 23572986633, 23769635140, 23966780378, 24164366765, 24362433213, 24560925326, 24759896020, 24959313143, 25159184719, 25359514540, 25560294459, 25761501850, 25963188553, 26165292675, 26367855660, 26570884703, 26774384810, 26978304802, 27182650276, 27387417243, 27592654143, 27798342108, 28004440920, 28210990709, 28417954283, 28625346717, 28833161491, 29041414579, 29250101309, 29459238720, 29668780164, 29878755379, 30089141403]

[33mBuilt regression model![0m
Model info:
	r^2:		0.9999999999564847
	p-value:	0
	intercept:	-3.1957991904306837
	slope:	1.3998062454957
Fractal dimension: 1.3998062454957
