[33mCounting circles[0m
13%		367m 52.05845736500123s remaining
25%		315m 11.214518918000977s remaining
38%		262m 36.44184730300003s remaining
50%		210m 16.133744732000196s remaining
63%		157m 40.05806934300017s remaining
75%		105m 5.930314741999609s remaining
88%		52m 32.926675952000096s remaining

Took 420m 5.526635438000085s to count circles

[33mDone counting circles![0m
sample points:
[151500000.0, 153000000.0, 154500000.0, 156000000.0, 157500000.0, 159000000.0, 160500000.0, 162000000.0, 163500000.0, 165000000.0, 166500000.0, 168000000.0, 169500000.0, 171000000.0, 172500000.0, 174000000.0, 175500000.0, 177000000.0, 178500000.0, 180000000.0, 181500000.0, 183000000.0, 184500000.0, 186000000.0, 187500000.0, 189000000.0, 190500000.0, 192000000.0, 193500000.0, 195000000.0, 196500000.0, 198000000.0, 199500000.0, 201000000.0, 202500000.0, 204000000.0, 205500000.0, 207000000.0, 208500000.0, 210000000.0, 211500000.0, 213000000.0, 214500000.0, 216000000.0, 217500000.0, 219000000.0, 220500000.0, 222000000.0, 223500000.0, 225000000.0, 226500000.0, 228000000.0, 229500000.0, 231000000.0, 232500000.0, 234000000.0, 235500000.0, 237000000.0, 238500000.0, 240000000.0, 241500000.0, 243000000.0, 244500000.0, 246000000.0, 247500000.0, 249000000.0, 250500000.0, 252000000.0, 253500000.0, 255000000.0, 256500000.0, 258000000.0, 259500000.0, 261000000.0, 262500000.0, 264000000.0, 265500000.0, 267000000.0, 268500000.0, 270000000.0, 271500000.0, 273000000.0, 274500000.0, 276000000.0, 277500000.0, 279000000.0, 280500000.0, 282000000.0, 283500000.0, 285000000.0, 286500000.0, 288000000.0, 289500000.0, 291000000.0, 292500000.0, 294000000.0, 295500000.0, 297000000.0, 298500000.0, 300000000.0]

number of circles fewer than each of those sample points:
[8997680112, 9120705387, 9244176758, 9368099830, 9492458629, 9617300005, 9742549362, 9868265003, 9994443173, 10121044722, 10248085628, 10375557383, 10503443814, 10631787891, 10760556974, 10889746202, 11019354367, 11149390206, 11279845402, 11410721625, 11542008779, 11673687781, 11805796641, 11938283772, 12071207732, 12204531894, 12338251889, 12472364211, 12606897315, 12741784310, 12877093738, 13012766349, 13148835154, 13285289308, 13422117981, 13559329133, 13696940885, 13834944822, 13973328081, 14112068302, 14251195815, 14390688475, 14530565983, 14670810120, 14811410729, 14952393513, 15093716943, 15235421969, 15377483214, 15519922254, 15662704461, 15805855957, 15949366728, 16093232100, 16237458033, 16382023354, 16526937617, 16672210726, 16817836948, 16963800500, 17110122305, 17256747595, 17403738957, 17551068066, 17698735350, 17846749767, 17995111278, 18143797208, 18292798576, 18442165408, 18591848215, 18741869208, 18892224818, 19042900342, 19193862555, 19345189007, 19496857464, 19648840512, 19801167402, 19953787136, 20106736888, 20260030265, 20413617804, 20567529298, 20721772351, 20876284838, 21031125609, 21186284479, 21341768433, 21497559453, 21653659211, 21810036242, 21966739526, 22123789589, 22281123572, 22438743892, 22596686814, 22754934110, 22913489928, 23072349589]

[33mBuilt regression model![0m
Model info:
	r^2:		0.9999999996956968
	p-value:	0
	intercept:	-3.042191317043269
	slope:	1.378333729285644
Fractal dimension: 1.378333729285644
