[33mCounting circles[0m
8%		3207m 30.159917993994895s remaining
17%		2916m 10.67391376500018s remaining
25%		2624m 38.39426454898785s remaining
33%		2333m 20.01412065399927s remaining
42%		2042m 40.999455890007084s remaining
50%		1750m 57.23034936300246s remaining
58%		1459m 6.113795776996994s remaining
67%		1167m 7.632713444007095s remaining
75%		875m 14.91300719800347s remaining
83%		583m 26.964011607997236s remaining
92%		291m 44.39918823699918s remaining

Took 3501m 0.5826947820023634s to count circles

[33mDone counting circles![0m
sample points:
[303000000.0, 306000000.0, 309000000.0, 312000000.0, 315000000.0, 318000000.0, 321000000.0, 324000000.0, 327000000.0, 330000000.0, 333000000.0, 336000000.0, 339000000.0, 342000000.0, 345000000.0, 348000000.0, 351000000.0, 354000000.0, 357000000.0, 360000000.0, 363000000.0, 366000000.0, 369000000.0, 372000000.0, 375000000.0, 378000000.0, 381000000.0, 384000000.0, 387000000.0, 390000000.0, 393000000.0, 396000000.0, 399000000.0, 402000000.0, 405000000.0, 408000000.0, 411000000.0, 414000000.0, 417000000.0, 420000000.0, 423000000.0, 426000000.0, 429000000.0, 432000000.0, 435000000.0, 438000000.0, 441000000.0, 444000000.0, 447000000.0, 450000000.0, 453000000.0, 456000000.0, 459000000.0, 462000000.0, 465000000.0, 468000000.0, 471000000.0, 474000000.0, 477000000.0, 480000000.0, 483000000.0, 486000000.0, 489000000.0, 492000000.0, 495000000.0, 498000000.0, 501000000.0, 504000000.0, 507000000.0, 510000000.0, 513000000.0, 516000000.0, 519000000.0, 522000000.0, 525000000.0, 528000000.0, 531000000.0, 534000000.0, 537000000.0, 540000000.0, 543000000.0, 546000000.0, 549000000.0, 552000000.0, 555000000.0, 558000000.0, 561000000.0, 564000000.0, 567000000.0, 570000000.0, 573000000.0, 576000000.0, 579000000.0, 582000000.0, 585000000.0, 588000000.0, 591000000.0, 594000000.0, 597000000.0, 600000000.0]

number of circles fewer than each of those sample points:
[104375999403, 105963011175, 107558263910, 109161767882, 110773454302, 112393348423, 114021347857, 115657479720, 117301650390, 118953888761, 120614134578, 122282362762, 123958421045, 125642402011, 127334387976, 129034094849, 130741719376, 132457016168, 134180126268, 135910982555, 137649454824, 139395568141, 141149273745, 142910612103, 144679476643, 146455942670, 148239971041, 150031463173, 151830370259, 153636707986, 155450481181, 157271547407, 159100073707, 160935870545, 162778987926, 164629311564, 166486823503, 168351586713, 170223594802, 172102875340, 173989176291, 175882675274, 177783308859, 179690958376, 181605661795, 183527385663, 185456142618, 187391901209, 189334566956, 191284157021, 193240717656, 195204151504, 197174471994, 199151638772, 201135644360, 203126496532, 205124060570, 207128543146, 209139706053, 211157564758, 213182147021, 215213351164, 217251339511, 219296007756, 221347258473, 223405148447, 225469669957, 227540812497, 229618417044, 231702605388, 233793372977, 235890628561, 237994343306, 240104623074, 242221367656, 244344519811, 246474075990, 248609954307, 250752300072, 252900954107, 255056031274, 257217308748, 259384990717, 261559004733, 263739311859, 265925983913, 268118822873, 270317836139, 272523072943, 274734523160, 276952190374, 279176123865, 281406214594, 283642476968, 285884869530, 288133287048, 290387892505, 292648546336, 294915294210, 297188111961]

[33mBuilt regression model![0m
Model info:
	r^2:		0.9999999999974666
	p-value:	0
	intercept:	-4.539129448488957
	slope:	1.531569651006187
Fractal dimension: 1.531569651006187
