[33mCounting circles[0m
10%		2434m 5.24131890598801s remaining
20%		2145m 18.00174897600664s remaining
30%		1844m 53.75654016100452s remaining
40%		1568m 25.960509810000076s remaining
50%		1308m 0.914374112006044s remaining
60%		1043m 46.55404780800018s remaining
70%		780m 4.946996525999566s remaining
80%		518m 42.64091321899832s remaining
90%		258m 50.19489719299963s remaining

Took 2584m 21.35131542599993s to count circles

[33mDone counting circles![0m
sample points:
[303000000.0, 306000000.0, 309000000.0, 312000000.0, 315000000.0, 318000000.0, 321000000.0, 324000000.0, 327000000.0, 330000000.0, 333000000.0, 336000000.0, 339000000.0, 342000000.0, 345000000.0, 348000000.0, 351000000.0, 354000000.0, 357000000.0, 360000000.0, 363000000.0, 366000000.0, 369000000.0, 372000000.0, 375000000.0, 378000000.0, 381000000.0, 384000000.0, 387000000.0, 390000000.0, 393000000.0, 396000000.0, 399000000.0, 402000000.0, 405000000.0, 408000000.0, 411000000.0, 414000000.0, 417000000.0, 420000000.0, 423000000.0, 426000000.0, 429000000.0, 432000000.0, 435000000.0, 438000000.0, 441000000.0, 444000000.0, 447000000.0, 450000000.0, 453000000.0, 456000000.0, 459000000.0, 462000000.0, 465000000.0, 468000000.0, 471000000.0, 474000000.0, 477000000.0, 480000000.0, 483000000.0, 486000000.0, 489000000.0, 492000000.0, 495000000.0, 498000000.0, 501000000.0, 504000000.0, 507000000.0, 510000000.0, 513000000.0, 516000000.0, 519000000.0, 522000000.0, 525000000.0, 528000000.0, 531000000.0, 534000000.0, 537000000.0, 540000000.0, 543000000.0, 546000000.0, 549000000.0, 552000000.0, 555000000.0, 558000000.0, 561000000.0, 564000000.0, 567000000.0, 570000000.0, 573000000.0, 576000000.0, 579000000.0, 582000000.0, 585000000.0, 588000000.0, 591000000.0, 594000000.0, 597000000.0, 600000000.0]

number of circles fewer than each of those sample points:
[89022930165, 90360132398, 91704051582, 93054662125, 94411956534, 95775943821, 97146568060, 98523864635, 99907621629, 101297968865, 102694681393, 104097904782, 105507529569, 106923581966, 108346031774, 109774903180, 111210115605, 112651641609, 114099429494, 115553464519, 117013782806, 118480204508, 119952876733, 121431600577, 122916512461, 124407639339, 125904712738, 127407900184, 128917148268, 130432422106, 131953745251, 133481070868, 135014242174, 136553359694, 138098330192, 139649264281, 141206053614, 142768610488, 144336977846, 145911220101, 147491276105, 149077098985, 150668582019, 152265806488, 153868792412, 155477421549, 157091634767, 158711547427, 160337106532, 161968296363, 163605096842, 165247386195, 166895240589, 168548690705, 170207622242, 171872048229, 173541988711, 175217349946, 176898246354, 178584557412, 180276274234, 181973318081, 183675794709, 185383655189, 187096906060, 188815454974, 190539281489, 192268444177, 194002912664, 195742694767, 197487689876, 199238014875, 200993453933, 202754177340, 204520139342, 206291237549, 208067487663, 209848924421, 211635495537, 213427147679, 215224033667, 217025907082, 218832965034, 220645015410, 222462101681, 224284192462, 226111399986, 227943661449, 229780927136, 231623176792, 233470418921, 235322642761, 237179766194, 239041851550, 240908894392, 242780837954, 244657725500, 246539441208, 248426143511, 250317655076]

[33mBuilt regression model![0m
Model info:
	r^2:		0.9999999999967005
	p-value:	0
	intercept:	-4.340108874184224
	slope:	1.5132316890470596
Fractal dimension: 1.5132316890470596
