[33mCounting circles[0m
17%		425m 1.4505467499984661s remaining
33%		339m 58.37608535199979s remaining
50%		255m 1.163181292000445s remaining
67%		169m 59.303005502000815s remaining
83%		84m 59.91243563500029s remaining

Took 510m 4.795031120000203s to count circles

[33mDone counting circles![0m
sample points:
[303000000.0, 306000000.0, 309000000.0, 312000000.0, 315000000.0, 318000000.0, 321000000.0, 324000000.0, 327000000.0, 330000000.0, 333000000.0, 336000000.0, 339000000.0, 342000000.0, 345000000.0, 348000000.0, 351000000.0, 354000000.0, 357000000.0, 360000000.0, 363000000.0, 366000000.0, 369000000.0, 372000000.0, 375000000.0, 378000000.0, 381000000.0, 384000000.0, 387000000.0, 390000000.0, 393000000.0, 396000000.0, 399000000.0, 402000000.0, 405000000.0, 408000000.0, 411000000.0, 414000000.0, 417000000.0, 420000000.0, 423000000.0, 426000000.0, 429000000.0, 432000000.0, 435000000.0, 438000000.0, 441000000.0, 444000000.0, 447000000.0, 450000000.0, 453000000.0, 456000000.0, 459000000.0, 462000000.0, 465000000.0, 468000000.0, 471000000.0, 474000000.0, 477000000.0, 480000000.0, 483000000.0, 486000000.0, 489000000.0, 492000000.0, 495000000.0, 498000000.0, 501000000.0, 504000000.0, 507000000.0, 510000000.0, 513000000.0, 516000000.0, 519000000.0, 522000000.0, 525000000.0, 528000000.0, 531000000.0, 534000000.0, 537000000.0, 540000000.0, 543000000.0, 546000000.0, 549000000.0, 552000000.0, 555000000.0, 558000000.0, 561000000.0, 564000000.0, 567000000.0, 570000000.0, 573000000.0, 576000000.0, 579000000.0, 582000000.0, 585000000.0, 588000000.0, 591000000.0, 594000000.0, 597000000.0, 600000000.0]

number of circles fewer than each of those sample points:
[29038781546, 29444049520, 29850966287, 30259423512, 30669534252, 31081213573, 31494518083, 31909354881, 32325761301, 32743675991, 33163152075, 33584169240, 34006744021, 34430869379, 34856490391, 35283561700, 35712223419, 36142320962, 36573895694, 37006951973, 37441501523, 37877492798, 38314893798, 38753795168, 39194109874, 39635884444, 40079074444, 40523748426, 40969786227, 41417255668, 41866138282, 42316397607, 42768033294, 43221013057, 43675382211, 44131188493, 44588320561, 45046854516, 45506743734, 45967915659, 46430419508, 46894240956, 47359366394, 47825836781, 48293672262, 48762827624, 49233266221, 49705034564, 50178120738, 50652432720, 51128076314, 51604984854, 52083192092, 52562675535, 53043402407, 53525388007, 54008651552, 54493198099, 54978928164, 55465919534, 55954155223, 56443581985, 56934278425, 57426197008, 57919352407, 58413649777, 58909208861, 59406027093, 59904006781, 60403229751, 60903619905, 61405269273, 61908015680, 62411944188, 62917035689, 63423345513, 63930851287, 64439510914, 64949329229, 65460296096, 65972400654, 66485602112, 66999997105, 67515554531, 68032287156, 68550155932, 69069171280, 69589234699, 70110481564, 70632894735, 71156423210, 71681056487, 72206797114, 72733699455, 73261629456, 73790631633, 74320800778, 74852060171, 75384431562, 75917869223]

[33mBuilt regression model![0m
Model info:
	r^2:		0.9999999999025745
	p-value:	0
	intercept:	-3.37859660166108
	slope:	1.4066342967716463
Fractal dimension: 1.4066342967716463
