[33mCounting circles[0m
8%		65m 47.738361478000115s remaining
17%		60m 13.41640542999994s remaining
25%		53m 55.929158154000106s remaining
33%		47m 46.942354285999954s remaining
42%		41m 53.00738053399982s remaining
50%		36m 4.1842671469999s remaining
58%		30m 8.437613775000045s remaining
67%		24m 5.618419007000057s remaining
75%		18m 1.8327812929999254s remaining
83%		12m 0.580077660000029s remaining
92%		6m 0.9297971409999946s remaining

Took 72m 21.037412542999846s to count circles

[33mDone counting circles![0m
sample points:
[25250000.0, 25500000.0, 25750000.0, 26000000.0, 26250000.0, 26500000.0, 26750000.0, 27000000.0, 27250000.0, 27500000.0, 27750000.0, 28000000.0, 28250000.0, 28500000.0, 28750000.0, 29000000.0, 29250000.0, 29500000.0, 29750000.0, 30000000.0, 30250000.0, 30500000.0, 30750000.0, 31000000.0, 31250000.0, 31500000.0, 31750000.0, 32000000.0, 32250000.0, 32500000.0, 32750000.0, 33000000.0, 33250000.0, 33500000.0, 33750000.0, 34000000.0, 34250000.0, 34500000.0, 34750000.0, 35000000.0, 35250000.0, 35500000.0, 35750000.0, 36000000.0, 36250000.0, 36500000.0, 36750000.0, 37000000.0, 37250000.0, 37500000.0, 37750000.0, 38000000.0, 38250000.0, 38500000.0, 38750000.0, 39000000.0, 39250000.0, 39500000.0, 39750000.0, 40000000.0, 40250000.0, 40500000.0, 40750000.0, 41000000.0, 41250000.0, 41500000.0, 41750000.0, 42000000.0, 42250000.0, 42500000.0, 42750000.0, 43000000.0, 43250000.0, 43500000.0, 43750000.0, 44000000.0, 44250000.0, 44500000.0, 44750000.0, 45000000.0, 45250000.0, 45500000.0, 45750000.0, 46000000.0, 46250000.0, 46500000.0, 46750000.0, 47000000.0, 47250000.0, 47500000.0, 47750000.0, 48000000.0, 48250000.0, 48500000.0, 48750000.0, 49000000.0, 49250000.0, 49500000.0, 49750000.0, 50000000.0]

number of circles fewer than each of those sample points:
[1070253148, 1085252098, 1100315100, 1115432963, 1130615268, 1145855024, 1161165925, 1176531871, 1191948465, 1207427879, 1222963125, 1238560760, 1254213294, 1269912996, 1285675095, 1301506573, 1317383734, 1333318552, 1349311813, 1365350527, 1381452534, 1397609672, 1413818452, 1430090306, 1446414505, 1462790824, 1479217476, 1495701245, 1512235236, 1528827968, 1545466647, 1562154065, 1578894393, 1595687318, 1612539103, 1629431088, 1646387177, 1663390877, 1680441392, 1697545056, 1714693594, 1731898648, 1749159064, 1766469071, 1783823165, 1801232045, 1818681694, 1836188354, 1853741158, 1871342191, 1888994302, 1906689267, 1924434138, 1942225191, 1960064654, 1977956896, 1995895474, 2013873634, 2031896203, 2049970049, 2068088352, 2086252849, 2104466198, 2122729786, 2141040275, 2159393134, 2177791742, 2196232933, 2214718962, 2233264728, 2251840551, 2270465299, 2289133888, 2307843124, 2326606343, 2345400488, 2364242097, 2383137083, 2402077921, 2421062306, 2440089648, 2459160529, 2478280235, 2497427731, 2516624000, 2535862752, 2555140627, 2574461947, 2593831619, 2613239995, 2632694776, 2652181331, 2671720394, 2691300827, 2710911916, 2730574305, 2750276878, 2770019907, 2789804843, 2809626384]

[33mBuilt regression model![0m
Model info:
	r^2:		0.9999999995659874
	p-value:	0
	intercept:	-3.287286400940477
	slope:	1.4126955114572546
Fractal dimension: 1.4126955114572546
