[33mCounting circles[0m
10%		43m 28.25910951600008s remaining
20%		38m 34.58681809200016s remaining
30%		33m 42.41125561700005s remaining
40%		28m 52.69475709099993s remaining
50%		24m 4.670738745000108s remaining
60%		19m 15.986087371999929s remaining
70%		14m 26.61763809599995s remaining
80%		9m 37.48386747899997s remaining
90%		4m 48.767488404000005s remaining

Took 48m 8.684980082000038s to count circles

[33mDone counting circles![0m
sample points:
[25250000.0, 25500000.0, 25750000.0, 26000000.0, 26250000.0, 26500000.0, 26750000.0, 27000000.0, 27250000.0, 27500000.0, 27750000.0, 28000000.0, 28250000.0, 28500000.0, 28750000.0, 29000000.0, 29250000.0, 29500000.0, 29750000.0, 30000000.0, 30250000.0, 30500000.0, 30750000.0, 31000000.0, 31250000.0, 31500000.0, 31750000.0, 32000000.0, 32250000.0, 32500000.0, 32750000.0, 33000000.0, 33250000.0, 33500000.0, 33750000.0, 34000000.0, 34250000.0, 34500000.0, 34750000.0, 35000000.0, 35250000.0, 35500000.0, 35750000.0, 36000000.0, 36250000.0, 36500000.0, 36750000.0, 37000000.0, 37250000.0, 37500000.0, 37750000.0, 38000000.0, 38250000.0, 38500000.0, 38750000.0, 39000000.0, 39250000.0, 39500000.0, 39750000.0, 40000000.0, 40250000.0, 40500000.0, 40750000.0, 41000000.0, 41250000.0, 41500000.0, 41750000.0, 42000000.0, 42250000.0, 42500000.0, 42750000.0, 43000000.0, 43250000.0, 43500000.0, 43750000.0, 44000000.0, 44250000.0, 44500000.0, 44750000.0, 45000000.0, 45250000.0, 45500000.0, 45750000.0, 46000000.0, 46250000.0, 46500000.0, 46750000.0, 47000000.0, 47250000.0, 47500000.0, 47750000.0, 48000000.0, 48250000.0, 48500000.0, 48750000.0, 49000000.0, 49250000.0, 49500000.0, 49750000.0, 50000000.0]

number of circles fewer than each of those sample points:
[941464670, 954544171, 967665329, 980842026, 994067383, 1007340029, 1020667313, 1034048167, 1047472574, 1060944991, 1074473176, 1088053736, 1101676509, 1115349403, 1129072287, 1142846825, 1156661372, 1170520881, 1184426536, 1198388735, 1212388951, 1226439993, 1240538574, 1254682861, 1268872976, 1283093989, 1297368326, 1311689796, 1326063663, 1340477139, 1354928939, 1369425747, 1383964404, 1398546503, 1413171222, 1427849259, 1442566367, 1457333880, 1472137257, 1486979846, 1501869388, 1516799971, 1531772708, 1546789366, 1561841810, 1576943880, 1592082569, 1607266663, 1622491316, 1637764524, 1653063510, 1668409225, 1683784807, 1699215583, 1714679339, 1730186012, 1745741422, 1761328502, 1776953058, 1792610523, 1808311288, 1824056371, 1839835294, 1855650071, 1871505238, 1887396979, 1903330721, 1919310249, 1935319611, 1951370688, 1967457828, 1983584955, 1999744961, 2015940532, 2032174609, 2048450063, 2064763344, 2081114261, 2097500679, 2113927092, 2130388811, 2146883383, 2163417006, 2179981184, 2196577935, 2213218146, 2229900327, 2246610564, 2263348105, 2280125556, 2296949354, 2313797413, 2330681761, 2347605746, 2364567224, 2381561012, 2398589566, 2415656191, 2432749494, 2449880318]

[33mBuilt regression model![0m
Model info:
	r^2:		0.9999999996320139
	p-value:	0
	intercept:	-3.1959904047483327
	slope:	1.3998161826590638
Fractal dimension: 1.3998161826590638
