[33mCounting circles[0m
13%		27m 41.670020941000075s remaining
25%		23m 44.29693568099992s remaining
38%		19m 47.026580519999925s remaining
50%		15m 49.50988281499997s remaining
63%		11m 52.198623019000024s remaining
75%		7m 54.862774715s remaining
88%		3m 57.43779758599999s remaining

Took 31m 39.36677603399994s to count circles

[33mDone counting circles![0m
sample points:
[25250000.0, 25500000.0, 25750000.0, 26000000.0, 26250000.0, 26500000.0, 26750000.0, 27000000.0, 27250000.0, 27500000.0, 27750000.0, 28000000.0, 28250000.0, 28500000.0, 28750000.0, 29000000.0, 29250000.0, 29500000.0, 29750000.0, 30000000.0, 30250000.0, 30500000.0, 30750000.0, 31000000.0, 31250000.0, 31500000.0, 31750000.0, 32000000.0, 32250000.0, 32500000.0, 32750000.0, 33000000.0, 33250000.0, 33500000.0, 33750000.0, 34000000.0, 34250000.0, 34500000.0, 34750000.0, 35000000.0, 35250000.0, 35500000.0, 35750000.0, 36000000.0, 36250000.0, 36500000.0, 36750000.0, 37000000.0, 37250000.0, 37500000.0, 37750000.0, 38000000.0, 38250000.0, 38500000.0, 38750000.0, 39000000.0, 39250000.0, 39500000.0, 39750000.0, 40000000.0, 40250000.0, 40500000.0, 40750000.0, 41000000.0, 41250000.0, 41500000.0, 41750000.0, 42000000.0, 42250000.0, 42500000.0, 42750000.0, 43000000.0, 43250000.0, 43500000.0, 43750000.0, 44000000.0, 44250000.0, 44500000.0, 44750000.0, 45000000.0, 45250000.0, 45500000.0, 45750000.0, 46000000.0, 46250000.0, 46500000.0, 46750000.0, 47000000.0, 47250000.0, 47500000.0, 47750000.0, 48000000.0, 48250000.0, 48500000.0, 48750000.0, 49000000.0, 49250000.0, 49500000.0, 49750000.0, 50000000.0]

number of circles fewer than each of those sample points:
[761340359, 771747339, 782199795, 792685165, 803208793, 813774922, 824375019, 835017684, 845688530, 856403466, 867153484, 877942353, 888762499, 899620831, 910520158, 921455221, 932428061, 943433169, 954466868, 965542779, 976651654, 987793031, 998972134, 1010193771, 1021437487, 1032718325, 1044035423, 1055378504, 1066755054, 1078172642, 1089619213, 1101100522, 1112613970, 1124160863, 1135731846, 1147341780, 1158984425, 1170659464, 1182356908, 1194092224, 1205862818, 1217666479, 1229498783, 1241358592, 1253247415, 1265181446, 1277146708, 1289129439, 1301145856, 1313196688, 1325274772, 1337388586, 1349527938, 1361695931, 1373895646, 1386120407, 1398388566, 1410685150, 1423005167, 1435354403, 1447739278, 1460156084, 1472594938, 1485063956, 1497561408, 1510092613, 1522643399, 1535221885, 1547831914, 1560469048, 1573130982, 1585825214, 1598547034, 1611292224, 1624072823, 1636882333, 1649718719, 1662578197, 1675465891, 1688381954, 1701329508, 1714303723, 1727293890, 1740322866, 1753377014, 1766457377, 1779560968, 1792690934, 1805846915, 1819031691, 1832235911, 1845475808, 1858734127, 1872022158, 1885334107, 1898677799, 1912040959, 1925438075, 1938854345, 1952299040]

[33mBuilt regression model![0m
Model info:
	r^2:		0.9999999973735831
	p-value:	0
	intercept:	-3.0415989270934425
	slope:	1.3782998445055625
Fractal dimension: 1.3782998445055625
