[33mCounting circles[0m
8%		733m 28.25387457299803s remaining
17%		667m 20.42983659500169s remaining
25%		599m 6.644943252002122s remaining
33%		531m 49.96191462600109s remaining
42%		465m 4.138429710001219s remaining
50%		398m 28.941688446000626s remaining
58%		331m 57.457339079999656s remaining
67%		265m 28.048338443999455s remaining
75%		199m 2.150750581999091s remaining
83%		132m 39.58649699200032s remaining
92%		66m 19.356889499999852s remaining

Took 795m 49.791426253999816s to count circles

[33mDone counting circles![0m
sample points:
[101000000.0, 102000000.0, 103000000.0, 104000000.0, 105000000.0, 106000000.0, 107000000.0, 108000000.0, 109000000.0, 110000000.0, 111000000.0, 112000000.0, 113000000.0, 114000000.0, 115000000.0, 116000000.0, 117000000.0, 118000000.0, 119000000.0, 120000000.0, 121000000.0, 122000000.0, 123000000.0, 124000000.0, 125000000.0, 126000000.0, 127000000.0, 128000000.0, 129000000.0, 130000000.0, 131000000.0, 132000000.0, 133000000.0, 134000000.0, 135000000.0, 136000000.0, 137000000.0, 138000000.0, 139000000.0, 140000000.0, 141000000.0, 142000000.0, 143000000.0, 144000000.0, 145000000.0, 146000000.0, 147000000.0, 148000000.0, 149000000.0, 150000000.0, 151000000.0, 152000000.0, 153000000.0, 154000000.0, 155000000.0, 156000000.0, 157000000.0, 158000000.0, 159000000.0, 160000000.0, 161000000.0, 162000000.0, 163000000.0, 164000000.0, 165000000.0, 166000000.0, 167000000.0, 168000000.0, 169000000.0, 170000000.0, 171000000.0, 172000000.0, 173000000.0, 174000000.0, 175000000.0, 176000000.0, 177000000.0, 178000000.0, 179000000.0, 180000000.0, 181000000.0, 182000000.0, 183000000.0, 184000000.0, 185000000.0, 186000000.0, 187000000.0, 188000000.0, 189000000.0, 190000000.0, 191000000.0, 192000000.0, 193000000.0, 194000000.0, 195000000.0, 196000000.0, 197000000.0, 198000000.0, 199000000.0, 200000000.0]

number of circles fewer than each of those sample points:
[19402473148, 19697465688, 19993976949, 20292053415, 20591649088, 20892775005, 21195388833, 21499515554, 21805132839, 22112281061, 22420889069, 22730994718, 23042603192, 23355636313, 23670159247, 23986102214, 24303503430, 24622344584, 24942675523, 25264429743, 25587587012, 25912195639, 26238199499, 26565637080, 26894453206, 27224689091, 27556306856, 27889343177, 28223724927, 28559490450, 28896658726, 29235191726, 29575093808, 29916332987, 30258923818, 30602882892, 30948177437, 31294821856, 31642833756, 31992162448, 32342826866, 32694845032, 33048106349, 33402708018, 33758613317, 34115859321, 34474428928, 34834242326, 35195375868, 35557787737, 35921474536, 36286470875, 36652723041, 37020269441, 37389085878, 37759173094, 38130524699, 38503126982, 38877001915, 39252111319, 39628454642, 40006044253, 40384891562, 40764962052, 41146279563, 41528804791, 41912554266, 42297544746, 42683777637, 43071177053, 43459787988, 43849601814, 44240648808, 44632903968, 45026381053, 45421030519, 45816868198, 46213947001, 46612144586, 47011581156, 47412167644, 47813952209, 48216900770, 48621027080, 49026343291, 49432820156, 49840461808, 50249271108, 50659170644, 51070276269, 51482506090, 51895936373, 52310504092, 52726179647, 53142998321, 53560954604, 53980051796, 54400283273, 54821629016, 55244118726]

[33mBuilt regression model![0m
Model info:
	r^2:		0.9999999999841502
	p-value:	0
	intercept:	-4.5390981641770125
	slope:	1.531567958633147
Fractal dimension: 1.531567958633147
