[33mCounting circles[0m
10%		533m 30.39761826600079s remaining
20%		474m 13.911281076001615s remaining
30%		414m 28.605753916999674s remaining
40%		355m 24.67265037299876s remaining
50%		296m 16.192275604000315s remaining
60%		237m 3.8642561180004122s remaining
70%		177m 49.6155117899998s remaining
80%		118m 33.89007564300027s remaining
90%		59m 17.021589612999833s remaining

Took 592m 50.10217448000185s to count circles

[33mDone counting circles![0m
sample points:
[101000000.0, 102000000.0, 103000000.0, 104000000.0, 105000000.0, 106000000.0, 107000000.0, 108000000.0, 109000000.0, 110000000.0, 111000000.0, 112000000.0, 113000000.0, 114000000.0, 115000000.0, 116000000.0, 117000000.0, 118000000.0, 119000000.0, 120000000.0, 121000000.0, 122000000.0, 123000000.0, 124000000.0, 125000000.0, 126000000.0, 127000000.0, 128000000.0, 129000000.0, 130000000.0, 131000000.0, 132000000.0, 133000000.0, 134000000.0, 135000000.0, 136000000.0, 137000000.0, 138000000.0, 139000000.0, 140000000.0, 141000000.0, 142000000.0, 143000000.0, 144000000.0, 145000000.0, 146000000.0, 147000000.0, 148000000.0, 149000000.0, 150000000.0, 151000000.0, 152000000.0, 153000000.0, 154000000.0, 155000000.0, 156000000.0, 157000000.0, 158000000.0, 159000000.0, 160000000.0, 161000000.0, 162000000.0, 163000000.0, 164000000.0, 165000000.0, 166000000.0, 167000000.0, 168000000.0, 169000000.0, 170000000.0, 171000000.0, 172000000.0, 173000000.0, 174000000.0, 175000000.0, 176000000.0, 177000000.0, 178000000.0, 179000000.0, 180000000.0, 181000000.0, 182000000.0, 183000000.0, 184000000.0, 185000000.0, 186000000.0, 187000000.0, 188000000.0, 189000000.0, 190000000.0, 191000000.0, 192000000.0, 193000000.0, 194000000.0, 195000000.0, 196000000.0, 197000000.0, 198000000.0, 199000000.0, 200000000.0]

number of circles fewer than each of those sample points:
[16885197120, 17138824235, 17393723821, 17649901260, 17907367009, 18166046969, 18426021053, 18687211241, 18949679717, 19213390699, 19478303186, 19744471614, 20011832671, 20280389150, 20550230112, 20821256552, 21093478163, 21366883082, 21641458934, 21917240335, 22194220542, 22472352615, 22751712405, 23032167650, 23313821813, 23596658848, 23880620518, 24165722163, 24451996466, 24739415552, 25027957177, 25317607574, 25608438752, 25900342454, 26193373243, 26487526413, 26782825658, 27079220258, 27376711399, 27675304723, 27974999622, 28275786897, 28577645023, 28880598582, 29184609832, 29489715611, 29795889397, 30103167766, 30411490747, 30720870678, 31031291460, 31342789423, 31655307278, 31968944016, 32283599146, 32599282051, 32916031076, 33233848340, 33552650641, 33872461934, 34193341349, 34515228148, 34838171655, 35162141338, 35487073410, 35813029779, 36140007253, 36467970902, 36796945363, 37126908326, 37457869400, 37789796701, 38122752080, 38456708072, 38791667517, 39127610863, 39464562256, 39802435684, 40141318509, 40481140424, 40821958508, 41163704511, 41506434463, 41850141400, 42194811059, 42540417150, 42886967813, 43234491450, 43582963743, 43932386115, 44282782647, 44634142290, 44986401400, 45339578149, 45693671879, 46048749556, 46404733372, 46761636769, 47119547458, 47478300578]

[33mBuilt regression model![0m
Model info:
	r^2:		0.9999999999907452
	p-value:	0
	intercept:	-4.3400694388108505
	slope:	1.5132293845346172
Fractal dimension: 1.5132293845346172
