[33mCounting circles[0m
17%		111m 17.512935939999807s remaining
33%		89m 8.958423232000314s remaining
50%		66m 50.75204445700001s remaining
67%		44m 33.500940696999805s remaining
83%		22m 16.591265308999937s remaining

Took 133m 39.38064417100031s to count circles

[33mDone counting circles![0m
sample points:
[101000000.0, 102000000.0, 103000000.0, 104000000.0, 105000000.0, 106000000.0, 107000000.0, 108000000.0, 109000000.0, 110000000.0, 111000000.0, 112000000.0, 113000000.0, 114000000.0, 115000000.0, 116000000.0, 117000000.0, 118000000.0, 119000000.0, 120000000.0, 121000000.0, 122000000.0, 123000000.0, 124000000.0, 125000000.0, 126000000.0, 127000000.0, 128000000.0, 129000000.0, 130000000.0, 131000000.0, 132000000.0, 133000000.0, 134000000.0, 135000000.0, 136000000.0, 137000000.0, 138000000.0, 139000000.0, 140000000.0, 141000000.0, 142000000.0, 143000000.0, 144000000.0, 145000000.0, 146000000.0, 147000000.0, 148000000.0, 149000000.0, 150000000.0, 151000000.0, 152000000.0, 153000000.0, 154000000.0, 155000000.0, 156000000.0, 157000000.0, 158000000.0, 159000000.0, 160000000.0, 161000000.0, 162000000.0, 163000000.0, 164000000.0, 165000000.0, 166000000.0, 167000000.0, 168000000.0, 169000000.0, 170000000.0, 171000000.0, 172000000.0, 173000000.0, 174000000.0, 175000000.0, 176000000.0, 177000000.0, 178000000.0, 179000000.0, 180000000.0, 181000000.0, 182000000.0, 183000000.0, 184000000.0, 185000000.0, 186000000.0, 187000000.0, 188000000.0, 189000000.0, 190000000.0, 191000000.0, 192000000.0, 193000000.0, 194000000.0, 195000000.0, 196000000.0, 197000000.0, 198000000.0, 199000000.0, 200000000.0]

number of circles fewer than each of those sample points:
[6192229641, 6278664113, 6365422295, 6452502844, 6539923507, 6627697478, 6715813163, 6804250898, 6893042425, 6982170174, 7071621838, 7161390162, 7251457561, 7341862564, 7432626967, 7523694906, 7615111240, 7706837508, 7798857660, 7891201252, 7983859176, 8076830084, 8170133505, 8263718614, 8357612683, 8451819556, 8546312567, 8641115782, 8736230839, 8831646093, 8927332799, 9023330122, 9119609132, 9216187738, 9313073315, 9410279942, 9507746258, 9605506681, 9703562529, 9801918432, 9900532503, 9999426832, 10098624654, 10198111750, 10297878988, 10397916470, 10498267788, 10598874680, 10699766816, 10800919813, 10902368482, 11004072040, 11106051246, 11208285647, 11310776042, 11413572688, 11516631369, 11619941467, 11723548651, 11827396296, 11931508502, 12035913110, 12140557232, 12245450899, 12350612081, 12456026772, 12561698675, 12667641128, 12773802852, 12880239070, 12986941600, 13093917644, 13201126406, 13308598796, 13416292335, 13524249656, 13632449420, 13740917357, 13849646094, 13958630854, 14067823101, 14177298097, 14286987210, 14396937126, 14507112023, 14617525028, 14728188285, 14839077438, 14950203987, 15061606231, 15173211455, 15285088759, 15397206119, 15509557271, 15622149323, 15734935240, 15847974599, 15961251112, 16074743739, 16188512821]

[33mBuilt regression model![0m
Model info:
	r^2:		0.9999999997120032
	p-value:	0
	intercept:	-3.378790435158038
	slope:	1.4066442521888336
Fractal dimension: 1.4066442521888336
