[33mCounting circles[0m
9%		455m 59.07630815000084s remaining
18%		229m 59.345628838000266s remaining
27%		151m 19.22355832500034s remaining
36%		109m 13.872082431999843s remaining
45%		81m 38.356636196999716s remaining
55%		61m 15.753620860999945s remaining
64%		45m 2.9327361169998767s remaining
73%		31m 30.522844979999945s remaining
82%		19m 48.92392179700005s remaining
91%		9m 26.261835453000003s remaining

Took 99m 43.519666633999805s to count circles

[33mDone counting circles![0m
sample points:
[151500000.0, 153000000.0, 154500000.0, 156000000.0, 157500000.0, 159000000.0, 160500000.0, 162000000.0, 163500000.0, 165000000.0, 166500000.0, 168000000.0, 169500000.0, 171000000.0, 172500000.0, 174000000.0, 175500000.0, 177000000.0, 178500000.0, 180000000.0, 181500000.0, 183000000.0, 184500000.0, 186000000.0, 187500000.0, 189000000.0, 190500000.0, 192000000.0, 193500000.0, 195000000.0, 196500000.0, 198000000.0, 199500000.0, 201000000.0, 202500000.0, 204000000.0, 205500000.0, 207000000.0, 208500000.0, 210000000.0, 211500000.0, 213000000.0, 214500000.0, 216000000.0, 217500000.0, 219000000.0, 220500000.0, 222000000.0, 223500000.0, 225000000.0, 226500000.0, 228000000.0, 229500000.0, 231000000.0, 232500000.0, 234000000.0, 235500000.0, 237000000.0, 238500000.0, 240000000.0, 241500000.0, 243000000.0, 244500000.0, 246000000.0, 247500000.0, 249000000.0, 250500000.0, 252000000.0, 253500000.0, 255000000.0, 256500000.0, 258000000.0, 259500000.0, 261000000.0, 262500000.0, 264000000.0, 265500000.0, 267000000.0, 268500000.0, 270000000.0, 271500000.0, 273000000.0, 274500000.0, 276000000.0, 277500000.0, 279000000.0, 280500000.0, 282000000.0, 283500000.0, 285000000.0, 286500000.0, 288000000.0, 289500000.0, 291000000.0, 292500000.0, 294000000.0, 295500000.0, 297000000.0, 298500000.0, 300000000.0]

number of circles fewer than each of those sample points:
[2108877914, 2136644122, 2164500995, 2192441669, 2220470316, 2248590609, 2276787767, 2305084826, 2333463271, 2361935801, 2390476254, 2419112096, 2447827159, 2476626546, 2505505499, 2534467712, 2563513566, 2592637719, 2621847785, 2651124128, 2680491822, 2709928885, 2739458565, 2769067124, 2798743536, 2828500743, 2858336635, 2888256058, 2918255296, 2948326756, 2978473398, 3008690208, 3038983289, 3069350609, 3099795371, 3130319939, 3160914489, 3191577857, 3222316217, 3253123266, 3283999891, 3314954491, 3345985462, 3377086786, 3408263317, 3439500104, 3470798444, 3502171148, 3533619028, 3565144591, 3596727276, 3628380917, 3660109769, 3691903054, 3723764338, 3755686739, 3787675160, 3819735867, 3851855559, 3884065090, 3916323460, 3948653439, 3981048147, 4013496826, 4046014483, 4078594931, 4111239640, 4143952534, 4176729507, 4209567865, 4242469318, 4275441013, 4308467373, 4341561562, 4374712423, 4407928017, 4441210035, 4474546459, 4507950101, 4541411380, 4574930812, 4608517799, 4642163844, 4675856425, 4709618446, 4743443159, 4777324637, 4811274002, 4845272299, 4879329448, 4913458371, 4947640420, 4981873443, 5016160964, 5050510091, 5084929678, 5119397228, 5153929081, 5188511762, 5223147906]

[33mBuilt regression model![0m
Model info:
	r^2:		0.9999999998955073
	p-value:	0
	intercept:	-3.5354061357009527
	slope:	1.3274955042092016
Fractal dimension: 1.3274955042092016
