[33mCounting circles[0m
13%		286m 40.68577357200047s remaining
25%		146m 24.02596902500045s remaining
38%		94m 24.447399947999656s remaining
50%		64m 29.46664979099978s remaining
63%		43m 23.995503629999803s remaining
75%		26m 43.44318767599998s remaining
88%		12m 34.38746118400002s remaining

Took 95m 51.33053926699995s to count circles

[33mDone counting circles![0m
sample points:
[151500000.0, 153000000.0, 154500000.0, 156000000.0, 157500000.0, 159000000.0, 160500000.0, 162000000.0, 163500000.0, 165000000.0, 166500000.0, 168000000.0, 169500000.0, 171000000.0, 172500000.0, 174000000.0, 175500000.0, 177000000.0, 178500000.0, 180000000.0, 181500000.0, 183000000.0, 184500000.0, 186000000.0, 187500000.0, 189000000.0, 190500000.0, 192000000.0, 193500000.0, 195000000.0, 196500000.0, 198000000.0, 199500000.0, 201000000.0, 202500000.0, 204000000.0, 205500000.0, 207000000.0, 208500000.0, 210000000.0, 211500000.0, 213000000.0, 214500000.0, 216000000.0, 217500000.0, 219000000.0, 220500000.0, 222000000.0, 223500000.0, 225000000.0, 226500000.0, 228000000.0, 229500000.0, 231000000.0, 232500000.0, 234000000.0, 235500000.0, 237000000.0, 238500000.0, 240000000.0, 241500000.0, 243000000.0, 244500000.0, 246000000.0, 247500000.0, 249000000.0, 250500000.0, 252000000.0, 253500000.0, 255000000.0, 256500000.0, 258000000.0, 259500000.0, 261000000.0, 262500000.0, 264000000.0, 265500000.0, 267000000.0, 268500000.0, 270000000.0, 271500000.0, 273000000.0, 274500000.0, 276000000.0, 277500000.0, 279000000.0, 280500000.0, 282000000.0, 283500000.0, 285000000.0, 286500000.0, 288000000.0, 289500000.0, 291000000.0, 292500000.0, 294000000.0, 295500000.0, 297000000.0, 298500000.0, 300000000.0]

number of circles fewer than each of those sample points:
[2810979248, 2848210446, 2885565307, 2923038224, 2960630499, 2998331614, 3036170795, 3074131036, 3112199633, 3150379542, 3188682592, 3227092734, 3265625091, 3304275910, 3343039207, 3381916836, 3420904764, 3460011481, 3499234133, 3538552827, 3577985139, 3617527339, 3657186173, 3696949399, 3736814283, 3776785721, 3816874754, 3857060742, 3897349000, 3937750286, 3978255994, 4018868477, 4059574743, 4100388637, 4141296961, 4182317693, 4223446428, 4264660368, 4305978578, 4347393461, 4388912842, 4430530596, 4472247470, 4514063788, 4555968755, 4597977058, 4640086331, 4682279220, 4724574016, 4766959856, 4809455663, 4852025178, 4894703526, 4937477724, 4980337636, 5023293984, 5066344270, 5109483988, 5152713296, 5196030978, 5239442881, 5282952060, 5326537898, 5370217481, 5413998771, 5457862999, 5501819366, 5545858712, 5589988103, 5634203891, 5678503190, 5722878900, 5767353638, 5811922461, 5856577296, 5901309637, 5946135418, 5991037826, 6036034579, 6081116273, 6126272136, 6171512947, 6216845868, 6262250654, 6307734761, 6353298400, 6398957405, 6444697524, 6490525570, 6536427364, 6582414616, 6628484676, 6674624439, 6720843071, 6767139009, 6813530167, 6859999495, 6906527644, 6953152164, 6999849423]

[33mBuilt regression model![0m
Model info:
	r^2:		0.9999999999457252
	p-value:	0
	intercept:	-3.3973645837318074
	slope:	1.3354232703484121
Fractal dimension: 1.3354232703484121
