[33mCounting circles[0m
14%		238m 50.59563938300016s remaining
29%		123m 33.985830677000195s remaining
43%		78m 43.32010519800042s remaining
57%		51m 29.482806928000173s remaining
71%		31m 18.510425780000105s remaining
86%		14m 38.91144442699999s remaining

Took 97m 30.829160483000123s to count circles

[33mDone counting circles![0m
sample points:
[151500000.0, 153000000.0, 154500000.0, 156000000.0, 157500000.0, 159000000.0, 160500000.0, 162000000.0, 163500000.0, 165000000.0, 166500000.0, 168000000.0, 169500000.0, 171000000.0, 172500000.0, 174000000.0, 175500000.0, 177000000.0, 178500000.0, 180000000.0, 181500000.0, 183000000.0, 184500000.0, 186000000.0, 187500000.0, 189000000.0, 190500000.0, 192000000.0, 193500000.0, 195000000.0, 196500000.0, 198000000.0, 199500000.0, 201000000.0, 202500000.0, 204000000.0, 205500000.0, 207000000.0, 208500000.0, 210000000.0, 211500000.0, 213000000.0, 214500000.0, 216000000.0, 217500000.0, 219000000.0, 220500000.0, 222000000.0, 223500000.0, 225000000.0, 226500000.0, 228000000.0, 229500000.0, 231000000.0, 232500000.0, 234000000.0, 235500000.0, 237000000.0, 238500000.0, 240000000.0, 241500000.0, 243000000.0, 244500000.0, 246000000.0, 247500000.0, 249000000.0, 250500000.0, 252000000.0, 253500000.0, 255000000.0, 256500000.0, 258000000.0, 259500000.0, 261000000.0, 262500000.0, 264000000.0, 265500000.0, 267000000.0, 268500000.0, 270000000.0, 271500000.0, 273000000.0, 274500000.0, 276000000.0, 277500000.0, 279000000.0, 280500000.0, 282000000.0, 283500000.0, 285000000.0, 286500000.0, 288000000.0, 289500000.0, 291000000.0, 292500000.0, 294000000.0, 295500000.0, 297000000.0, 298500000.0, 300000000.0]

number of circles fewer than each of those sample points:
[3294680455, 3338402088, 3382273607, 3426299254, 3470452048, 3514754263, 3559192052, 3603771796, 3648501096, 3693359917, 3738367883, 3783506944, 3828778383, 3874191540, 3919733858, 3965402272, 4011225802, 4057157706, 4103235602, 4149450392, 4195772401, 4242253608, 4288854173, 4335585677, 4382435318, 4429418280, 4476525942, 4523759291, 4571114770, 4618604719, 4666210224, 4713935183, 4761794720, 4809753983, 4857845275, 4906061436, 4954401701, 5002857753, 5051434192, 5100115325, 5148928998, 5197859641, 5246894002, 5296054301, 5345321565, 5394710596, 5444216301, 5493839951, 5543563876, 5593412028, 5643365208, 5693430638, 5743609955, 5793914532, 5844307681, 5894814226, 5945437659, 5996175342, 6047012669, 6097958403, 6149005243, 6200177530, 6251438712, 6302821746, 6354295867, 6405894886, 6457590497, 6509388848, 6561305550, 6613309671, 6665424077, 6717632265, 6769939046, 6822360881, 6874887017, 6927523464, 6980253557, 7033085984, 7086011123, 7139029399, 7192154880, 7245383800, 7298700507, 7352113450, 7405632666, 7459253059, 7512966740, 7566786745, 7620692915, 7674702486, 7728799624, 7782989642, 7837284989, 7891668989, 7946154534, 8000733275, 8055411414, 8110173750, 8165041511, 8220008834]

[33mBuilt regression model![0m
Model info:
	r^2:		0.9999999999603452
	p-value:	0
	intercept:	-3.291095296587997
	slope:	1.3382108784841351
Fractal dimension: 1.3382108784841351
