[33mCounting circles[0m
10%		395m 50.15662259099918s remaining
20%		199m 55.27905842799919s remaining
30%		130m 47.02203935499983s remaining
40%		93m 13.15826867099986s remaining
50%		68m 12.512377278999793s remaining
60%		49m 27.871046479000142s remaining
70%		34m 19.646669677999853s remaining
80%		21m 29.062874817999955s remaining
90%		10m 11.920007442000042s remaining

Took 97m 41.75916927199978s to count circles

[33mDone counting circles![0m
sample points:
[151500000.0, 153000000.0, 154500000.0, 156000000.0, 157500000.0, 159000000.0, 160500000.0, 162000000.0, 163500000.0, 165000000.0, 166500000.0, 168000000.0, 169500000.0, 171000000.0, 172500000.0, 174000000.0, 175500000.0, 177000000.0, 178500000.0, 180000000.0, 181500000.0, 183000000.0, 184500000.0, 186000000.0, 187500000.0, 189000000.0, 190500000.0, 192000000.0, 193500000.0, 195000000.0, 196500000.0, 198000000.0, 199500000.0, 201000000.0, 202500000.0, 204000000.0, 205500000.0, 207000000.0, 208500000.0, 210000000.0, 211500000.0, 213000000.0, 214500000.0, 216000000.0, 217500000.0, 219000000.0, 220500000.0, 222000000.0, 223500000.0, 225000000.0, 226500000.0, 228000000.0, 229500000.0, 231000000.0, 232500000.0, 234000000.0, 235500000.0, 237000000.0, 238500000.0, 240000000.0, 241500000.0, 243000000.0, 244500000.0, 246000000.0, 247500000.0, 249000000.0, 250500000.0, 252000000.0, 253500000.0, 255000000.0, 256500000.0, 258000000.0, 259500000.0, 261000000.0, 262500000.0, 264000000.0, 265500000.0, 267000000.0, 268500000.0, 270000000.0, 271500000.0, 273000000.0, 274500000.0, 276000000.0, 277500000.0, 279000000.0, 280500000.0, 282000000.0, 283500000.0, 285000000.0, 286500000.0, 288000000.0, 289500000.0, 291000000.0, 292500000.0, 294000000.0, 295500000.0, 297000000.0, 298500000.0, 300000000.0]

number of circles fewer than each of those sample points:
[2270543380, 2300496817, 2330534293, 2360664415, 2390904877, 2421228192, 2451646528, 2482168363, 2512782298, 2543473087, 2574259491, 2605150987, 2636138396, 2667206659, 2698361575, 2729615007, 2760951878, 2792375583, 2823884737, 2855487402, 2887175285, 2918946056, 2950803759, 2982747284, 3014786509, 3046898773, 3079105772, 3111388757, 3143759222, 3176217729, 3208752610, 3241374929, 3274071243, 3306850733, 3339707520, 3372646719, 3405665717, 3438761521, 3471938810, 3505193463, 3538523644, 3571942463, 3605432958, 3639003023, 3672653826, 3706376341, 3740173812, 3774052199, 3808007765, 3842032457, 3876123465, 3910289475, 3944531674, 3978850207, 4013238798, 4047701928, 4082241330, 4116859763, 4151553229, 4186308634, 4221137175, 4256049218, 4291008290, 4326058441, 4361176252, 4396367267, 4431626327, 4466939499, 4502322770, 4537792086, 4573318702, 4608921745, 4644584456, 4680326356, 4716134736, 4752007605, 4787941641, 4823939012, 4860019476, 4896162813, 4932371709, 4968640572, 5004969602, 5041373334, 5077842970, 5114369453, 5150975898, 5187645230, 5224376242, 5261164184, 5298025972, 5334941965, 5371925821, 5408969028, 5446073867, 5483253652, 5520492115, 5557780475, 5595148587, 5632567888]

[33mBuilt regression model![0m
Model info:
	r^2:		0.999999999851275
	p-value:	0
	intercept:	-3.5058530901817235
	slope:	1.3298476055286683
Fractal dimension: 1.3298476055286683
