[33mCounting circles[0m
11%		337m 5.574016015998495s remaining
22%		170m 55.66202902800069s remaining
33%		111m 7.736667760000273s remaining
44%		77m 52.46227817700037s remaining
56%		55m 13.159956628000145s remaining
67%		37m 51.54757616400002s remaining
78%		23m 32.29012504399998s remaining
89%		11m 7.777654647999952s remaining

Took 95m 42.29151550400002s to count circles

[33mDone counting circles![0m
sample points:
[151500000.0, 153000000.0, 154500000.0, 156000000.0, 157500000.0, 159000000.0, 160500000.0, 162000000.0, 163500000.0, 165000000.0, 166500000.0, 168000000.0, 169500000.0, 171000000.0, 172500000.0, 174000000.0, 175500000.0, 177000000.0, 178500000.0, 180000000.0, 181500000.0, 183000000.0, 184500000.0, 186000000.0, 187500000.0, 189000000.0, 190500000.0, 192000000.0, 193500000.0, 195000000.0, 196500000.0, 198000000.0, 199500000.0, 201000000.0, 202500000.0, 204000000.0, 205500000.0, 207000000.0, 208500000.0, 210000000.0, 211500000.0, 213000000.0, 214500000.0, 216000000.0, 217500000.0, 219000000.0, 220500000.0, 222000000.0, 223500000.0, 225000000.0, 226500000.0, 228000000.0, 229500000.0, 231000000.0, 232500000.0, 234000000.0, 235500000.0, 237000000.0, 238500000.0, 240000000.0, 241500000.0, 243000000.0, 244500000.0, 246000000.0, 247500000.0, 249000000.0, 250500000.0, 252000000.0, 253500000.0, 255000000.0, 256500000.0, 258000000.0, 259500000.0, 261000000.0, 262500000.0, 264000000.0, 265500000.0, 267000000.0, 268500000.0, 270000000.0, 271500000.0, 273000000.0, 274500000.0, 276000000.0, 277500000.0, 279000000.0, 280500000.0, 282000000.0, 283500000.0, 285000000.0, 286500000.0, 288000000.0, 289500000.0, 291000000.0, 292500000.0, 294000000.0, 295500000.0, 297000000.0, 298500000.0, 300000000.0]

number of circles fewer than each of those sample points:
[2492424162, 2525358050, 2558396234, 2591539966, 2624799387, 2658156207, 2691637895, 2725219060, 2758900608, 2792685407, 2826563466, 2860549121, 2894628133, 2928813619, 2963098115, 2997482858, 3031967943, 3066538869, 3101224834, 3135999449, 3170880986, 3205842138, 3240904337, 3276063452, 3311319528, 3346663235, 3382116068, 3417647141, 3453275681, 3488996576, 3524800966, 3560699852, 3596681202, 3632756496, 3668919989, 3705188248, 3741535141, 3777961701, 3814484236, 3851093728, 3887784498, 3924564881, 3961439328, 3998391355, 4035435393, 4072567469, 4109778778, 4147071979, 4184452038, 4221914795, 4259458694, 4297097984, 4334807564, 4372608263, 4410486888, 4448434716, 4486472767, 4524589875, 4562789546, 4601071108, 4639429577, 4677857180, 4716375407, 4754973312, 4793648931, 4832401901, 4871230029, 4910135530, 4949110304, 4988168690, 5027306773, 5066524277, 5105811060, 5145177149, 5184610271, 5224143461, 5263734428, 5303392517, 5343128630, 5382936072, 5422827080, 5462777766, 5502807900, 5542913457, 5583098319, 5623340762, 5663664383, 5704060089, 5744524816, 5785058988, 5825673080, 5866354169, 5907097500, 5947921051, 5988819011, 6029773658, 6070809185, 6111892740, 6153060248, 6194294543]

[33mBuilt regression model![0m
Model info:
	r^2:		0.9999999998265192
	p-value:	0
	intercept:	-3.46286984660253
	slope:	1.332515772628906
Fractal dimension: 1.332515772628906
