[33mCounting circles[0m
17%		194m 15.00095458999931s remaining
33%		103m 5.697846641999604s remaining
50%		64m 14.467985038999814s remaining
67%		38m 27.72691026800021s remaining
83%		17m 55.276932920000036s remaining

Took 102m 17.52741891400001s to count circles

[33mDone counting circles![0m
sample points:
[151500000.0, 153000000.0, 154500000.0, 156000000.0, 157500000.0, 159000000.0, 160500000.0, 162000000.0, 163500000.0, 165000000.0, 166500000.0, 168000000.0, 169500000.0, 171000000.0, 172500000.0, 174000000.0, 175500000.0, 177000000.0, 178500000.0, 180000000.0, 181500000.0, 183000000.0, 184500000.0, 186000000.0, 187500000.0, 189000000.0, 190500000.0, 192000000.0, 193500000.0, 195000000.0, 196500000.0, 198000000.0, 199500000.0, 201000000.0, 202500000.0, 204000000.0, 205500000.0, 207000000.0, 208500000.0, 210000000.0, 211500000.0, 213000000.0, 214500000.0, 216000000.0, 217500000.0, 219000000.0, 220500000.0, 222000000.0, 223500000.0, 225000000.0, 226500000.0, 228000000.0, 229500000.0, 231000000.0, 232500000.0, 234000000.0, 235500000.0, 237000000.0, 238500000.0, 240000000.0, 241500000.0, 243000000.0, 244500000.0, 246000000.0, 247500000.0, 249000000.0, 250500000.0, 252000000.0, 253500000.0, 255000000.0, 256500000.0, 258000000.0, 259500000.0, 261000000.0, 262500000.0, 264000000.0, 265500000.0, 267000000.0, 268500000.0, 270000000.0, 271500000.0, 273000000.0, 274500000.0, 276000000.0, 277500000.0, 279000000.0, 280500000.0, 282000000.0, 283500000.0, 285000000.0, 286500000.0, 288000000.0, 289500000.0, 291000000.0, 292500000.0, 294000000.0, 295500000.0, 297000000.0, 298500000.0, 300000000.0]

number of circles fewer than each of those sample points:
[4081073423, 4135288186, 4189699140, 4244268234, 4299019227, 4353965640, 4409077449, 4464358321, 4519813705, 4575452773, 4631277264, 4687259063, 4743412290, 4799732727, 4856212731, 4912872768, 4969695060, 5026686305, 5083844813, 5141160391, 5198648758, 5256283388, 5314079574, 5372026724, 5430150782, 5488435644, 5546854790, 5605438050, 5664183249, 5723077025, 5782134174, 5841336924, 5900700629, 5960206566, 6019860956, 6079679459, 6139631057, 6199741583, 6260003791, 6320413771, 6380963796, 6441677792, 6502503921, 6563501765, 6624639951, 6685916400, 6747329716, 6808892070, 6870594769, 6932427964, 6994413146, 7056525934, 7118793315, 7181192857, 7243740584, 7306430753, 7369236412, 7432192521, 7495276939, 7558495576, 7621844953, 7685328682, 7748940652, 7812692250, 7876565324, 7940582891, 8004736386, 8069033023, 8133425527, 8197974249, 8262654925, 8327447734, 8392370510, 8457420409, 8522607946, 8587908637, 8653337301, 8718885393, 8784564004, 8850365673, 8916284775, 8982333033, 9048505859, 9114816010, 9181262260, 9247805772, 9314476267, 9381260936, 9448181213, 9515221224, 9582371224, 9649642881, 9717036694, 9784544767, 9852163833, 9919906984, 9987772199, 10055757104, 10123840706, 10192041556]

[33mBuilt regression model![0m
Model info:
	r^2:		0.9999999999440904
	p-value:	0
	intercept:	-3.104275769471151
	slope:	1.339656539517361
Fractal dimension: 1.339656539517361
