[33mCounting circles[0m
8%		1314m 21.46992038699682s remaining
17%		1184m 31.34207156499906s remaining
25%		1063m 11.34606534899649s remaining
33%		943m 36.50982274400303s remaining
42%		826m 3.022855299001094s remaining
50%		707m 34.1957667270035s remaining
58%		589m 41.63384217199928s remaining
67%		471m 17.168999828001688s remaining
75%		353m 12.949207500001648s remaining
83%		235m 18.90822403600032s remaining
92%		117m 36.43799118399966s remaining

Took 1410m 58.98028001700004s to count circles

[33mDone counting circles![0m
sample points:
[151500000.0, 153000000.0, 154500000.0, 156000000.0, 157500000.0, 159000000.0, 160500000.0, 162000000.0, 163500000.0, 165000000.0, 166500000.0, 168000000.0, 169500000.0, 171000000.0, 172500000.0, 174000000.0, 175500000.0, 177000000.0, 178500000.0, 180000000.0, 181500000.0, 183000000.0, 184500000.0, 186000000.0, 187500000.0, 189000000.0, 190500000.0, 192000000.0, 193500000.0, 195000000.0, 196500000.0, 198000000.0, 199500000.0, 201000000.0, 202500000.0, 204000000.0, 205500000.0, 207000000.0, 208500000.0, 210000000.0, 211500000.0, 213000000.0, 214500000.0, 216000000.0, 217500000.0, 219000000.0, 220500000.0, 222000000.0, 223500000.0, 225000000.0, 226500000.0, 228000000.0, 229500000.0, 231000000.0, 232500000.0, 234000000.0, 235500000.0, 237000000.0, 238500000.0, 240000000.0, 241500000.0, 243000000.0, 244500000.0, 246000000.0, 247500000.0, 249000000.0, 250500000.0, 252000000.0, 253500000.0, 255000000.0, 256500000.0, 258000000.0, 259500000.0, 261000000.0, 262500000.0, 264000000.0, 265500000.0, 267000000.0, 268500000.0, 270000000.0, 271500000.0, 273000000.0, 274500000.0, 276000000.0, 277500000.0, 279000000.0, 280500000.0, 282000000.0, 283500000.0, 285000000.0, 286500000.0, 288000000.0, 289500000.0, 291000000.0, 292500000.0, 294000000.0, 295500000.0, 297000000.0, 298500000.0, 300000000.0]

number of circles fewer than each of those sample points:
[36103804464, 36652723041, 37204517468, 37759173094, 38316682262, 38877001915, 39440124406, 40006044253, 40574767272, 41146279563, 41720543326, 42297544746, 42877318380, 43459787988, 44044973527, 44632903968, 45223553275, 45816868198, 46412919827, 47011581156, 47612935768, 48216900770, 48823542639, 49432820156, 50044711810, 50659170644, 51276228189, 51895936373, 52518204463, 53142998321, 53770368822, 54400283273, 55032739087, 55667735481, 56305340597, 56945346376, 57587876420, 58232890505, 58880415388, 59530401745, 60182894328, 60837853428, 61495292240, 62155169089, 62817442195, 63482223223, 64149373772, 64818926027, 65490919438, 66165359949, 66842161651, 67521331169, 68202876709, 68886792319, 69573048886, 70261674762, 70952652562, 71646017271, 72341666349, 73039624613, 73739935727, 74442524747, 75147468909, 75854719743, 76564224965, 77276004472, 77990084515, 78706474699, 79425154330, 80146104096, 80869315291, 81594734987, 82322357079, 83052265954, 83784468813, 84518852028, 85255437719, 85994251071, 86735262385, 87478485784, 88223942641, 88971595316, 89721434708, 90473412400, 91227582283, 91983941846, 92742420366, 93503029489, 94265802396, 95030700840, 95797795876, 96567067114, 97338428818, 98111992113, 98887623676, 99665340630, 100445221653, 101227174511, 102011326472, 102797448619]

[33mBuilt regression model![0m
Model info:
	r^2:		0.9999999999867077
	p-value:	0
	intercept:	-4.5391046166851154
	slope:	1.5315683164741583
Fractal dimension: 1.5315683164741583
