[33mCounting circles[0m
10%		930m 50.022671453996736s remaining
20%		828m 2.515990492000128s remaining
30%		724m 17.775794973997108s remaining
40%		620m 44.353643691996695s remaining
50%		517m 12.319711658001324s remaining
60%		413m 45.92070352600058s remaining
70%		310m 19.870935068000108s remaining
80%		206m 54.41054280500066s remaining
90%		103m 27.17088503099967s remaining

Took 1034m 30.17495130399766s to count circles

[33mDone counting circles![0m
sample points:
[151500000.0, 153000000.0, 154500000.0, 156000000.0, 157500000.0, 159000000.0, 160500000.0, 162000000.0, 163500000.0, 165000000.0, 166500000.0, 168000000.0, 169500000.0, 171000000.0, 172500000.0, 174000000.0, 175500000.0, 177000000.0, 178500000.0, 180000000.0, 181500000.0, 183000000.0, 184500000.0, 186000000.0, 187500000.0, 189000000.0, 190500000.0, 192000000.0, 193500000.0, 195000000.0, 196500000.0, 198000000.0, 199500000.0, 201000000.0, 202500000.0, 204000000.0, 205500000.0, 207000000.0, 208500000.0, 210000000.0, 211500000.0, 213000000.0, 214500000.0, 216000000.0, 217500000.0, 219000000.0, 220500000.0, 222000000.0, 223500000.0, 225000000.0, 226500000.0, 228000000.0, 229500000.0, 231000000.0, 232500000.0, 234000000.0, 235500000.0, 237000000.0, 238500000.0, 240000000.0, 241500000.0, 243000000.0, 244500000.0, 246000000.0, 247500000.0, 249000000.0, 250500000.0, 252000000.0, 253500000.0, 255000000.0, 256500000.0, 258000000.0, 259500000.0, 261000000.0, 262500000.0, 264000000.0, 265500000.0, 267000000.0, 268500000.0, 270000000.0, 271500000.0, 273000000.0, 274500000.0, 276000000.0, 277500000.0, 279000000.0, 280500000.0, 282000000.0, 283500000.0, 285000000.0, 286500000.0, 288000000.0, 289500000.0, 291000000.0, 292500000.0, 294000000.0, 295500000.0, 297000000.0, 298500000.0, 300000000.0]

number of circles fewer than each of those sample points:
[31186905098, 31655307278, 32126134137, 32599282051, 33074811852, 33552650641, 34032772914, 34515228148, 35000023003, 35487073410, 35976399673, 36467970902, 36961807711, 37457869400, 37956169627, 38456708072, 38959512215, 39464562256, 39971758992, 40481140424, 40992714087, 41506434463, 42022367168, 42540417150, 43060608634, 43582963743, 44107469729, 44634142290, 45162874994, 45693671879, 46226626329, 46761636769, 47298813330, 47837996068, 48379294737, 48922638757, 49468011225, 50015486062, 50564980558, 51116453736, 51669961147, 52225533144, 52783119926, 53342726230, 53904320151, 54467816062, 55033317005, 55600846286, 56170325686, 56741721349, 57315124140, 57890514976, 58467819525, 59047028559, 59628182141, 60211290254, 60796306039, 61383259558, 61972118717, 62562860294, 63155500155, 63750050917, 64346462662, 64944752109, 65544907963, 66147027113, 66750934686, 67356715427, 67964307746, 68573811556, 69185089178, 69798253904, 70413184713, 71029935758, 71648593086, 72269003200, 72891295515, 73515360583, 74141238172, 74768919191, 75398363718, 76029644781, 76662719502, 77297512769, 77934108743, 78572414633, 79212508104, 79854444491, 80498119801, 81143514915, 81790636704, 82439461991, 83090078789, 83742403443, 84396439605, 85052219444, 85709748381, 86368995864, 87029911381, 87692554586]

[33mBuilt regression model![0m
Model info:
	r^2:		0.9999999999606423
	p-value:	0
	intercept:	-4.340277928500406
	slope:	1.5132404210529178
Fractal dimension: 1.5132404210529178
