[33mCounting circles[0m
17%		215m 18.588750135000737s remaining
33%		172m 48.241325491999305s remaining
50%		129m 19.723242789000324s remaining
67%		86m 0.9856651410000268s remaining
83%		42m 56.444910547999825s remaining

Took 257m 23.895401658999617s to count circles

[33mDone counting circles![0m
sample points:
[151500000.0, 153000000.0, 154500000.0, 156000000.0, 157500000.0, 159000000.0, 160500000.0, 162000000.0, 163500000.0, 165000000.0, 166500000.0, 168000000.0, 169500000.0, 171000000.0, 172500000.0, 174000000.0, 175500000.0, 177000000.0, 178500000.0, 180000000.0, 181500000.0, 183000000.0, 184500000.0, 186000000.0, 187500000.0, 189000000.0, 190500000.0, 192000000.0, 193500000.0, 195000000.0, 196500000.0, 198000000.0, 199500000.0, 201000000.0, 202500000.0, 204000000.0, 205500000.0, 207000000.0, 208500000.0, 210000000.0, 211500000.0, 213000000.0, 214500000.0, 216000000.0, 217500000.0, 219000000.0, 220500000.0, 222000000.0, 223500000.0, 225000000.0, 226500000.0, 228000000.0, 229500000.0, 231000000.0, 232500000.0, 234000000.0, 235500000.0, 237000000.0, 238500000.0, 240000000.0, 241500000.0, 243000000.0, 244500000.0, 246000000.0, 247500000.0, 249000000.0, 250500000.0, 252000000.0, 253500000.0, 255000000.0, 256500000.0, 258000000.0, 259500000.0, 261000000.0, 262500000.0, 264000000.0, 265500000.0, 267000000.0, 268500000.0, 270000000.0, 271500000.0, 273000000.0, 274500000.0, 276000000.0, 277500000.0, 279000000.0, 280500000.0, 282000000.0, 283500000.0, 285000000.0, 286500000.0, 288000000.0, 289500000.0, 291000000.0, 292500000.0, 294000000.0, 295500000.0, 297000000.0, 298500000.0, 300000000.0]

number of circles fewer than each of those sample points:
[10953177646, 11106051246, 11259503677, 11413572688, 11568257895, 11723548651, 11879413363, 12035913110, 12192968104, 12350612081, 12508839143, 12667641128, 12827002067, 12986941600, 13147486954, 13308598796, 13470244153, 13632449420, 13795262259, 13958630854, 14122537674, 14286987210, 14451996383, 14617525028, 14783590143, 14950203987, 15117389333, 15285088759, 15453364613, 15622149323, 15791416663, 15961251112, 16131599381, 16302470230, 16473872629, 16645815924, 16818251105, 16991234061, 17164698669, 17338652832, 17513114693, 17688067830, 17863525631, 18039523082, 18215968223, 18392915937, 18570344121, 18748261006, 18926664799, 19105619016, 19285036358, 19464910536, 19645274078, 19826126920, 20007448399, 20189197192, 20371476905, 20554215911, 20737428418, 20921129476, 21105315002, 21289944873, 21475060626, 21660586088, 21846575539, 22033023135, 22219952592, 22407337501, 22595176292, 22783491219, 22972243933, 23161394969, 23351053057, 23541127225, 23731645774, 23922628985, 24114057747, 24305909785, 24498216309, 24690970692, 24884132822, 25077745705, 25271754025, 25466220140, 25661155447, 25856483325, 26052240066, 26248421560, 26445035480, 26642049057, 26839477783, 27037353367, 27235611272, 27434324918, 27633479984, 27832959173, 28032886443, 28233241892, 28434018283, 28635217250]

[33mBuilt regression model![0m
Model info:
	r^2:		0.9999999998892396
	p-value:	0
	intercept:	-3.3785428802017776
	slope:	1.4066313793978622
Fractal dimension: 1.4066313793978622
