[33mCounting circles[0m
8%		6m 8.690331195999988s remaining
17%		5m 32.64589151400003s remaining
25%		4m 55.449515890999976s remaining
33%		4m 20.51631278000002s remaining
42%		3m 48.10575849700001s remaining
50%		3m 16.738356321999987s remaining
58%		2m 44.526775786s remaining
67%		2m 11.438618143000014s remaining
75%		1m 38.229229182s remaining
83%		1m 5.391179592s remaining
92%		32.759229271s remaining

Took 6m 33.92411670000001s to count circles

[33mDone counting circles![0m
sample points:
[5050000.0, 5100000.0, 5150000.0, 5200000.0, 5250000.0, 5300000.0, 5350000.0, 5400000.0, 5450000.0, 5500000.0, 5550000.0, 5600000.0, 5650000.0, 5700000.0, 5750000.0, 5800000.0, 5850000.0, 5900000.0, 5950000.0, 6000000.0, 6050000.0, 6100000.0, 6150000.0, 6200000.0, 6250000.0, 6300000.0, 6350000.0, 6400000.0, 6450000.0, 6500000.0, 6550000.0, 6600000.0, 6650000.0, 6700000.0, 6750000.0, 6800000.0, 6850000.0, 6900000.0, 6950000.0, 7000000.0, 7050000.0, 7100000.0, 7150000.0, 7200000.0, 7250000.0, 7300000.0, 7350000.0, 7400000.0, 7450000.0, 7500000.0, 7550000.0, 7600000.0, 7650000.0, 7700000.0, 7750000.0, 7800000.0, 7850000.0, 7900000.0, 7950000.0, 8000000.0, 8050000.0, 8100000.0, 8150000.0, 8200000.0, 8250000.0, 8300000.0, 8350000.0, 8400000.0, 8450000.0, 8500000.0, 8550000.0, 8600000.0, 8650000.0, 8700000.0, 8750000.0, 8800000.0, 8850000.0, 8900000.0, 8950000.0, 9000000.0, 9050000.0, 9100000.0, 9150000.0, 9200000.0, 9250000.0, 9300000.0, 9350000.0, 9400000.0, 9450000.0, 9500000.0, 9550000.0, 9600000.0, 9650000.0, 9700000.0, 9750000.0, 9800000.0, 9850000.0, 9900000.0, 9950000.0, 10000000.0]

number of circles fewer than each of those sample points:
[110179224, 111724153, 113275228, 114831331, 116392725, 117960674, 119534891, 121114440, 122704204, 124298012, 125897208, 127500690, 129113139, 130729668, 132351579, 133979710, 135614369, 137254032, 138899688, 140550761, 142209400, 143872247, 145538220, 147211300, 148890696, 150577171, 152267023, 153961568, 155664661, 157376077, 159090044, 160809782, 162533193, 164263097, 165997787, 167736702, 169480454, 171231683, 172987340, 174747458, 176515032, 178283707, 180061846, 181843668, 183629334, 185421736, 187217466, 189019312, 190826705, 192637641, 194454669, 196276427, 198102149, 199932633, 201768895, 203607739, 205454296, 207306195, 209165416, 211027530, 212890519, 214762333, 216637867, 218517491, 220402834, 222292874, 224184308, 226082909, 227985628, 229895723, 231805760, 233720641, 235642655, 237569573, 239502274, 241436572, 243376400, 245324219, 247273206, 249227357, 251186094, 253149107, 255115677, 257087311, 259061585, 261043567, 263029438, 265018131, 267013369, 269011920, 271015133, 273021501, 275031740, 277044819, 279067354, 281089940, 283116090, 285150702, 287185221, 289227943]

[33mBuilt regression model![0m
Model info:
	r^2:		0.9999999972409942
	p-value:	0
	intercept:	-3.2866139339936637
	slope:	1.412656216642195
Fractal dimension: 1.412656216642195
