[33mCounting circles[0m
10%		5m 7.450806415999978s remaining
20%		4m 32.554537960000005s remaining
30%		3m 57.870566628000006s remaining
40%		3m 23.814205232999996s remaining
50%		2m 50.003724291s remaining
60%		2m 16.053740661999996s remaining
70%		1m 41.970519826s remaining
80%		1m 7.935304156000001s remaining
90%		33.974131228s remaining

Took 5m 40.01974273299999s to count circles

[33mDone counting circles![0m
sample points:
[5050000.0, 5100000.0, 5150000.0, 5200000.0, 5250000.0, 5300000.0, 5350000.0, 5400000.0, 5450000.0, 5500000.0, 5550000.0, 5600000.0, 5650000.0, 5700000.0, 5750000.0, 5800000.0, 5850000.0, 5900000.0, 5950000.0, 6000000.0, 6050000.0, 6100000.0, 6150000.0, 6200000.0, 6250000.0, 6300000.0, 6350000.0, 6400000.0, 6450000.0, 6500000.0, 6550000.0, 6600000.0, 6650000.0, 6700000.0, 6750000.0, 6800000.0, 6850000.0, 6900000.0, 6950000.0, 7000000.0, 7050000.0, 7100000.0, 7150000.0, 7200000.0, 7250000.0, 7300000.0, 7350000.0, 7400000.0, 7450000.0, 7500000.0, 7550000.0, 7600000.0, 7650000.0, 7700000.0, 7750000.0, 7800000.0, 7850000.0, 7900000.0, 7950000.0, 8000000.0, 8050000.0, 8100000.0, 8150000.0, 8200000.0, 8250000.0, 8300000.0, 8350000.0, 8400000.0, 8450000.0, 8500000.0, 8550000.0, 8600000.0, 8650000.0, 8700000.0, 8750000.0, 8800000.0, 8850000.0, 8900000.0, 8950000.0, 9000000.0, 9050000.0, 9100000.0, 9150000.0, 9200000.0, 9250000.0, 9300000.0, 9350000.0, 9400000.0, 9450000.0, 9500000.0, 9550000.0, 9600000.0, 9650000.0, 9700000.0, 9750000.0, 9800000.0, 9850000.0, 9900000.0, 9950000.0, 10000000.0]

number of circles fewer than each of those sample points:
[98940725, 100313664, 101694506, 103081152, 104467672, 105864110, 107264740, 108668528, 110079646, 111496548, 112919153, 114344872, 115776653, 117212952, 118653528, 120100615, 121555420, 123012422, 124475604, 125944068, 127415193, 128892379, 130374259, 131859074, 133349626, 134846679, 136345949, 137851815, 139362099, 140875197, 142393420, 143916554, 145444246, 146975602, 148515434, 150057572, 151603664, 153154436, 154709952, 156268953, 157834568, 159405034, 160978380, 162559271, 164144297, 165731431, 167321129, 168916794, 170517630, 172122822, 173728975, 175340258, 176958559, 178579753, 180202744, 181832228, 183464795, 185102512, 186742819, 188388550, 190034804, 191689802, 193348365, 195011355, 196678944, 198346866, 200019306, 201698856, 203383875, 205070424, 206760108, 208455590, 210152413, 211857931, 213563631, 215274326, 216991097, 218710007, 220431611, 222158782, 223888334, 225619779, 227357618, 229100705, 230847275, 232593309, 234344604, 236099141, 237860868, 239623654, 241389559, 243162971, 244937949, 246715231, 248495482, 250280494, 252068365, 253860113, 255657940, 257457817]

[33mBuilt regression model![0m
Model info:
	r^2:		0.999999995831821
	p-value:	0
	intercept:	-3.1957108494086803
	slope:	1.3997986357907661
Fractal dimension: 1.3997986357907661
