[33mCounting circles[0m
13%		3m 24.152128809999994s remaining
25%		2m 55.117144779s remaining
38%		2m 25.966799025s remaining
50%		1m 56.738290805999995s remaining
63%		1m 27.552827637000007s remaining
75%		58.375118749s remaining
88%		29.186658283s remaining

Took 3m 53.455359929999986s to count circles

[33mDone counting circles![0m
sample points:
[5050000.0, 5100000.0, 5150000.0, 5200000.0, 5250000.0, 5300000.0, 5350000.0, 5400000.0, 5450000.0, 5500000.0, 5550000.0, 5600000.0, 5650000.0, 5700000.0, 5750000.0, 5800000.0, 5850000.0, 5900000.0, 5950000.0, 6000000.0, 6050000.0, 6100000.0, 6150000.0, 6200000.0, 6250000.0, 6300000.0, 6350000.0, 6400000.0, 6450000.0, 6500000.0, 6550000.0, 6600000.0, 6650000.0, 6700000.0, 6750000.0, 6800000.0, 6850000.0, 6900000.0, 6950000.0, 7000000.0, 7050000.0, 7100000.0, 7150000.0, 7200000.0, 7250000.0, 7300000.0, 7350000.0, 7400000.0, 7450000.0, 7500000.0, 7550000.0, 7600000.0, 7650000.0, 7700000.0, 7750000.0, 7800000.0, 7850000.0, 7900000.0, 7950000.0, 8000000.0, 8050000.0, 8100000.0, 8150000.0, 8200000.0, 8250000.0, 8300000.0, 8350000.0, 8400000.0, 8450000.0, 8500000.0, 8550000.0, 8600000.0, 8650000.0, 8700000.0, 8750000.0, 8800000.0, 8850000.0, 8900000.0, 8950000.0, 9000000.0, 9050000.0, 9100000.0, 9150000.0, 9200000.0, 9250000.0, 9300000.0, 9350000.0, 9400000.0, 9450000.0, 9500000.0, 9550000.0, 9600000.0, 9650000.0, 9700000.0, 9750000.0, 9800000.0, 9850000.0, 9900000.0, 9950000.0, 10000000.0]

number of circles fewer than each of those sample points:
[82816314, 83948447, 85083814, 86224826, 87369230, 88519279, 89674312, 90832154, 91994305, 93159607, 94330038, 95504793, 96682175, 97864640, 99049630, 100239459, 101432274, 102628567, 103829092, 105035784, 106245281, 107458554, 108675977, 109895961, 111118702, 112349412, 113581987, 114815718, 116054661, 117296632, 118541885, 119791723, 121045332, 122302378, 123563058, 124827096, 126092683, 127363558, 128636363, 129912654, 131194268, 132480040, 133768487, 135058758, 136351158, 137651268, 138952923, 140257992, 141563806, 142872159, 144185932, 145502581, 146822433, 148148797, 149476206, 150806488, 152140168, 153474836, 154815536, 156160982, 157508274, 158860080, 160211986, 161568046, 162928789, 164289616, 165655291, 167024659, 168397640, 169770127, 171146015, 172525613, 173909472, 175296713, 176684860, 178074926, 179470954, 180871087, 182273380, 183676258, 185082698, 186494473, 187909624, 189324046, 190742472, 192165166, 193589706, 195017021, 196451076, 197882655, 199320878, 200762036, 202206567, 203652887, 205098750, 206549896, 208004206, 209461459, 210918033, 212380522]

[33mBuilt regression model![0m
Model info:
	r^2:		0.9999999584024993
	p-value:	0
	intercept:	-3.0434270991928294
	slope:	1.3784122971151345
Fractal dimension: 1.3784122971151345
