[33mCounting circles[0m
7%		1m 7.202397196999996s remaining
14%		1m 2.0158902900000015s remaining
21%		56.85398796s remaining
29%		51.676766287s remaining
36%		58.465734031s remaining
43%		59.067109872s remaining
50%		56.122089485s remaining
57%		50.953304973s remaining
64%		40.61081515s remaining
71%		31.30812419s remaining
79%		22.757082896s remaining
86%		15.876837292s remaining
93%		7.725224161s remaining

Took 1m 52.242771860000005s to count circles

[33mDone counting circles![0m
sample points:
[2525000.0, 2550000.0, 2575000.0, 2600000.0, 2625000.0, 2650000.0, 2675000.0, 2700000.0, 2725000.0, 2750000.0, 2775000.0, 2800000.0, 2825000.0, 2850000.0, 2875000.0, 2900000.0, 2925000.0, 2950000.0, 2975000.0, 3000000.0, 3025000.0, 3050000.0, 3075000.0, 3100000.0, 3125000.0, 3150000.0, 3175000.0, 3200000.0, 3225000.0, 3250000.0, 3275000.0, 3300000.0, 3325000.0, 3350000.0, 3375000.0, 3400000.0, 3425000.0, 3450000.0, 3475000.0, 3500000.0, 3525000.0, 3550000.0, 3575000.0, 3600000.0, 3625000.0, 3650000.0, 3675000.0, 3700000.0, 3725000.0, 3750000.0, 3775000.0, 3800000.0, 3825000.0, 3850000.0, 3875000.0, 3900000.0, 3925000.0, 3950000.0, 3975000.0, 4000000.0, 4025000.0, 4050000.0, 4075000.0, 4100000.0, 4125000.0, 4150000.0, 4175000.0, 4200000.0, 4225000.0, 4250000.0, 4275000.0, 4300000.0, 4325000.0, 4350000.0, 4375000.0, 4400000.0, 4425000.0, 4450000.0, 4475000.0, 4500000.0, 4525000.0, 4550000.0, 4575000.0, 4600000.0, 4625000.0, 4650000.0, 4675000.0, 4700000.0, 4725000.0, 4750000.0, 4775000.0, 4800000.0, 4825000.0, 4850000.0, 4875000.0, 4900000.0, 4925000.0, 4950000.0, 4975000.0, 5000000.0]

number of circles fewer than each of those sample points:
[30741695, 31196080, 31653774, 32114942, 32577116, 33040528, 33504681, 33971352, 34441379, 34914282, 35387354, 35862583, 36340742, 36819886, 37302365, 37785239, 38271410, 38760581, 39252169, 39743744, 40238463, 40734598, 41231217, 41731168, 42233428, 42737530, 43243550, 43752549, 44261735, 44773859, 45288425, 45803497, 46321718, 46842810, 47363922, 47887915, 48413912, 48941263, 49470950, 50002217, 50535340, 51070007, 51607763, 52146494, 52687037, 53230008, 53773927, 54319608, 54867666, 55418412, 55967920, 56519628, 57073658, 57628931, 58185556, 58743847, 59306812, 59870069, 60434449, 60999890, 61568214, 62138604, 62712249, 63285790, 63861839, 64440013, 65017881, 65600147, 66181971, 66765337, 67352636, 67939079, 68529150, 69119643, 69711324, 70303806, 70898492, 71496668, 72098136, 72698442, 73303631, 73907970, 74515145, 75123101, 75730969, 76340581, 76952772, 77565749, 78180039, 78796054, 79416994, 80037126, 80661040, 81284323, 81910422, 82534048, 83162109, 83791917, 84422863, 85054203]

[33mBuilt regression model![0m
Model info:
	r^2:		0.9999999811956621
	p-value:	0
	intercept:	-4.715665530874627
	slope:	1.4894351636159058
Fractal dimension: 1.4894351636159058
