[33mCounting circles[0m
13%		3m 42.091512083s remaining
25%		3m 10.275369694999995s remaining
38%		2m 38.50477024099999s remaining
50%		2m 6.779825131999999s remaining
63%		1m 35.082568511000005s remaining
75%		1m 3.385825326999999s remaining
88%		31.688935117s remaining

Took 4m 13.480717249999998s to count circles

[33mDone counting circles![0m
sample points:
[5050000.0, 5100000.0, 5150000.0, 5200000.0, 5250000.0, 5300000.0, 5350000.0, 5400000.0, 5450000.0, 5500000.0, 5550000.0, 5600000.0, 5650000.0, 5700000.0, 5750000.0, 5800000.0, 5850000.0, 5900000.0, 5950000.0, 6000000.0, 6050000.0, 6100000.0, 6150000.0, 6200000.0, 6250000.0, 6300000.0, 6350000.0, 6400000.0, 6450000.0, 6500000.0, 6550000.0, 6600000.0, 6650000.0, 6700000.0, 6750000.0, 6800000.0, 6850000.0, 6900000.0, 6950000.0, 7000000.0, 7050000.0, 7100000.0, 7150000.0, 7200000.0, 7250000.0, 7300000.0, 7350000.0, 7400000.0, 7450000.0, 7500000.0, 7550000.0, 7600000.0, 7650000.0, 7700000.0, 7750000.0, 7800000.0, 7850000.0, 7900000.0, 7950000.0, 8000000.0, 8050000.0, 8100000.0, 8150000.0, 8200000.0, 8250000.0, 8300000.0, 8350000.0, 8400000.0, 8450000.0, 8500000.0, 8550000.0, 8600000.0, 8650000.0, 8700000.0, 8750000.0, 8800000.0, 8850000.0, 8900000.0, 8950000.0, 9000000.0, 9050000.0, 9100000.0, 9150000.0, 9200000.0, 9250000.0, 9300000.0, 9350000.0, 9400000.0, 9450000.0, 9500000.0, 9550000.0, 9600000.0, 9650000.0, 9700000.0, 9750000.0, 9800000.0, 9850000.0, 9900000.0, 9950000.0, 10000000.0]

number of circles fewer than each of those sample points:
[152657437, 154897557, 157149842, 159414310, 161688341, 163973565, 166266849, 168571789, 170889732, 173214532, 175548906, 177899311, 180259403, 182626291, 184999770, 187385661, 189781070, 192186361, 194604555, 197031550, 199466261, 201910598, 204362955, 206824946, 209298528, 211785616, 214277637, 216781161, 219293684, 221816248, 224342788, 226885022, 229434349, 231991866, 234559254, 237134549, 239717286, 242310131, 244917460, 247525780, 250148655, 252779898, 255419544, 258067424, 260724687, 263388851, 266061805, 268748158, 271438734, 274139029, 276851810, 279571306, 282300617, 285037730, 287782257, 290533921, 293297525, 296064263, 298841951, 301625109, 304424096, 307230278, 310042417, 312861900, 315690501, 318525730, 321371646, 324224929, 327088938, 329955589, 332834751, 335721532, 338614169, 341515303, 344426951, 347344563, 350268039, 353200986, 356139993, 359085802, 362039278, 364999741, 367974135, 370954059, 373939621, 376933448, 379939698, 382950628, 385967238, 388995297, 392025551, 395073047, 398122250, 401178320, 404234740, 407308932, 410388240, 413477867, 416576324, 419679796]

[33mBuilt regression model![0m
Model info:
	r^2:		0.999999996593667
	p-value:	0
	intercept:	-4.004212997232294
	slope:	1.4802761539075804
Fractal dimension: 1.4802761539075804
