[33mCounting circles[0m
8%		5m 46.081786435000026s remaining
17%		5m 14.694765969999992s remaining
25%		4m 43.27013035800002s remaining
33%		4m 11.764875302000007s remaining
42%		3m 40.321667641000005s remaining
50%		3m 8.846075162000005s remaining
58%		2m 37.368583152000014s remaining
67%		2m 5.893710048000003s remaining
75%		1m 34.41931697s remaining
83%		1m 2.9460643880000035s remaining
92%		31.472804882s remaining

Took 6m 17.701758507000022s to count circles

[33mDone counting circles![0m
sample points:
[5050000.0, 5100000.0, 5150000.0, 5200000.0, 5250000.0, 5300000.0, 5350000.0, 5400000.0, 5450000.0, 5500000.0, 5550000.0, 5600000.0, 5650000.0, 5700000.0, 5750000.0, 5800000.0, 5850000.0, 5900000.0, 5950000.0, 6000000.0, 6050000.0, 6100000.0, 6150000.0, 6200000.0, 6250000.0, 6300000.0, 6350000.0, 6400000.0, 6450000.0, 6500000.0, 6550000.0, 6600000.0, 6650000.0, 6700000.0, 6750000.0, 6800000.0, 6850000.0, 6900000.0, 6950000.0, 7000000.0, 7050000.0, 7100000.0, 7150000.0, 7200000.0, 7250000.0, 7300000.0, 7350000.0, 7400000.0, 7450000.0, 7500000.0, 7550000.0, 7600000.0, 7650000.0, 7700000.0, 7750000.0, 7800000.0, 7850000.0, 7900000.0, 7950000.0, 8000000.0, 8050000.0, 8100000.0, 8150000.0, 8200000.0, 8250000.0, 8300000.0, 8350000.0, 8400000.0, 8450000.0, 8500000.0, 8550000.0, 8600000.0, 8650000.0, 8700000.0, 8750000.0, 8800000.0, 8850000.0, 8900000.0, 8950000.0, 9000000.0, 9050000.0, 9100000.0, 9150000.0, 9200000.0, 9250000.0, 9300000.0, 9350000.0, 9400000.0, 9450000.0, 9500000.0, 9550000.0, 9600000.0, 9650000.0, 9700000.0, 9750000.0, 9800000.0, 9850000.0, 9900000.0, 9950000.0, 10000000.0]

number of circles fewer than each of those sample points:
[68886453, 69824080, 70766262, 71711131, 72660006, 73613343, 74568625, 75528656, 76489516, 77454921, 78424304, 79395930, 80370748, 81349661, 82331180, 83314798, 84304263, 85296205, 86290865, 87288449, 88291311, 89297398, 90306001, 91315963, 92329492, 93345383, 94363403, 95385293, 96409292, 97436799, 98467420, 99498984, 100535599, 101574634, 102618688, 103663659, 104709647, 105759669, 106812167, 107870270, 108929699, 109991965, 111056139, 112123192, 113191585, 114263431, 115338563, 116417147, 117499640, 118586372, 119673870, 120761695, 121853301, 122946830, 124044311, 125143644, 126246117, 127350385, 128459089, 129570931, 130684095, 131800458, 132917806, 134038213, 135160724, 136287062, 137416667, 138548444, 139681256, 140816097, 141952437, 143089656, 144231810, 145378134, 146524724, 147676020, 148827572, 149983395, 151141540, 152302045, 153463865, 154629829, 155797332, 156966812, 158138232, 159312443, 160490336, 161668588, 162849002, 164032455, 165218536, 166406455, 167596553, 168789357, 169982369, 171179370, 172379979, 173583182, 174788881, 175994781]

[33mBuilt regression model![0m
Model info:
	r^2:		0.9999999473450867
	p-value:	0
	intercept:	-3.1424141010466577
	slope:	1.3728957205054073
Fractal dimension: 1.3728957205054073
