[33mCounting circles[0m
17%		1m 38.732324625000004s remaining
33%		1m 19.003861123999997s remaining
50%		59.24994915s remaining
67%		39.503698274s remaining
83%		19.750799802s remaining

Took 1m 58.507264762999995s to count circles

[33mDone counting circles![0m
sample points:
[5050000.0, 5100000.0, 5150000.0, 5200000.0, 5250000.0, 5300000.0, 5350000.0, 5400000.0, 5450000.0, 5500000.0, 5550000.0, 5600000.0, 5650000.0, 5700000.0, 5750000.0, 5800000.0, 5850000.0, 5900000.0, 5950000.0, 6000000.0, 6050000.0, 6100000.0, 6150000.0, 6200000.0, 6250000.0, 6300000.0, 6350000.0, 6400000.0, 6450000.0, 6500000.0, 6550000.0, 6600000.0, 6650000.0, 6700000.0, 6750000.0, 6800000.0, 6850000.0, 6900000.0, 6950000.0, 7000000.0, 7050000.0, 7100000.0, 7150000.0, 7200000.0, 7250000.0, 7300000.0, 7350000.0, 7400000.0, 7450000.0, 7500000.0, 7550000.0, 7600000.0, 7650000.0, 7700000.0, 7750000.0, 7800000.0, 7850000.0, 7900000.0, 7950000.0, 8000000.0, 8050000.0, 8100000.0, 8150000.0, 8200000.0, 8250000.0, 8300000.0, 8350000.0, 8400000.0, 8450000.0, 8500000.0, 8550000.0, 8600000.0, 8650000.0, 8700000.0, 8750000.0, 8800000.0, 8850000.0, 8900000.0, 8950000.0, 9000000.0, 9050000.0, 9100000.0, 9150000.0, 9200000.0, 9250000.0, 9300000.0, 9350000.0, 9400000.0, 9450000.0, 9500000.0, 9550000.0, 9600000.0, 9650000.0, 9700000.0, 9750000.0, 9800000.0, 9850000.0, 9900000.0, 9950000.0, 10000000.0]

number of circles fewer than each of those sample points:
[58089100, 58858078, 59629852, 60404965, 61182885, 61964168, 62746488, 63531004, 64318214, 65106094, 65899292, 66693240, 67488448, 68288784, 69088242, 69890832, 70695526, 71506122, 72317670, 73130024, 73942956, 74757474, 75577502, 76397008, 77221169, 78047308, 78875788, 79705778, 80539914, 81373203, 82209126, 83048708, 83894164, 84737426, 85583944, 86430546, 87277352, 88128931, 88980850, 89834616, 90692838, 91552684, 92415808, 93280404, 94147716, 95017230, 95888169, 96760166, 97633740, 98511850, 99389772, 100269294, 101152074, 102034779, 102917432, 103805292, 104695198, 105584626, 106476362, 107372522, 108269007, 109166257, 110068016, 110970692, 111874627, 112783845, 113692686, 114602855, 115513296, 116427302, 117343307, 118263015, 119182123, 120101706, 121025260, 121949082, 122875691, 123801085, 124727840, 125658697, 126589754, 127521732, 128457025, 129395855, 130337708, 131280459, 132225195, 133169457, 134115892, 135064972, 136015420, 136968004, 137921986, 138878923, 139833626, 140793323, 141753288, 142714664, 143677486, 144642352]

[33mBuilt regression model![0m
Model info:
	r^2:		0.9999999893021478
	p-value:	0
	intercept:	-2.731575278225815
	slope:	1.3352287795995696
Fractal dimension: 1.3352287795995696
