[33mCounting circles[0m
7%		19.471750831s remaining
14%		17.335684536s remaining
21%		15.093211224s remaining
29%		13.141616195s remaining
36%		11.613431813s remaining
43%		10.390565881s remaining
50%		9.263682576s remaining
57%		8.03571111s remaining
64%		6.67697924s remaining
71%		5.274859369s remaining
79%		3.90960995s remaining
86%		2.599984095s remaining
93%		1.3088357369999999s remaining

Took 18.511253549s to count circles

[33mDone counting circles![0m
sample points:
[505000.0, 510000.0, 515000.0, 520000.0, 525000.0, 530000.0, 535000.0, 540000.0, 545000.0, 550000.0, 555000.0, 560000.0, 565000.0, 570000.0, 575000.0, 580000.0, 585000.0, 590000.0, 595000.0, 600000.0, 605000.0, 610000.0, 615000.0, 620000.0, 625000.0, 630000.0, 635000.0, 640000.0, 645000.0, 650000.0, 655000.0, 660000.0, 665000.0, 670000.0, 675000.0, 680000.0, 685000.0, 690000.0, 695000.0, 700000.0, 705000.0, 710000.0, 715000.0, 720000.0, 725000.0, 730000.0, 735000.0, 740000.0, 745000.0, 750000.0, 755000.0, 760000.0, 765000.0, 770000.0, 775000.0, 780000.0, 785000.0, 790000.0, 795000.0, 800000.0, 805000.0, 810000.0, 815000.0, 820000.0, 825000.0, 830000.0, 835000.0, 840000.0, 845000.0, 850000.0, 855000.0, 860000.0, 865000.0, 870000.0, 875000.0, 880000.0, 885000.0, 890000.0, 895000.0, 900000.0, 905000.0, 910000.0, 915000.0, 920000.0, 925000.0, 930000.0, 935000.0, 940000.0, 945000.0, 950000.0, 955000.0, 960000.0, 965000.0, 970000.0, 975000.0, 980000.0, 985000.0, 990000.0, 995000.0, 1000000.0]

number of circles fewer than each of those sample points:
[4492603, 4556119, 4619800, 4683700, 4747741, 4812338, 4877040, 4942035, 5007132, 5072914, 5138542, 5204382, 5270661, 5336711, 5403332, 5470567, 5537511, 5604567, 5671977, 5739546, 5807699, 5876560, 5945282, 6013904, 6083203, 6152649, 6221374, 6291031, 6361482, 6431622, 6501775, 6572780, 6643717, 6714827, 6786007, 6857200, 6928678, 7000534, 7072566, 7145484, 7217888, 7290529, 7363320, 7436738, 7509566, 7583633, 7657602, 7731103, 7805391, 7879694, 7954736, 8030190, 8105673, 8181211, 8256306, 8332453, 8408546, 8484660, 8561561, 8637804, 8714371, 8790816, 8868773, 8946316, 9024331, 9101790, 9179707, 9257937, 9335786, 9414760, 9493286, 9572054, 9651552, 9731050, 9810779, 9890895, 9970971, 10051067, 10131855, 10212921, 10293509, 10374094, 10454915, 10535906, 10617045, 10699093, 10780582, 10862786, 10945351, 11027480, 11109799, 11192513, 11275794, 11358847, 11441998, 11525216, 11608729, 11692195, 11776229, 11860203]

[33mBuilt regression model![0m
Model info:
	r^2:		0.9999999406697923
	p-value:	0
	intercept:	-3.3400840450743594
	slope:	1.420780597243824
Fractal dimension: 1.420780597243824
