[33mCounting circles[0m
8%		14.512254878s remaining
17%		12.752665035s remaining
25%		11.21915997s remaining
33%		9.788000784s remaining
42%		8.540649389s remaining
50%		7.37205803s remaining
58%		6.16502559s remaining
67%		4.908712636s remaining
75%		3.6528026970000003s remaining
83%		2.42578604s remaining
92%		1.215615269s remaining

Took 14.657404349s to count circles

[33mDone counting circles![0m
sample points:
[505000.0, 510000.0, 515000.0, 520000.0, 525000.0, 530000.0, 535000.0, 540000.0, 545000.0, 550000.0, 555000.0, 560000.0, 565000.0, 570000.0, 575000.0, 580000.0, 585000.0, 590000.0, 595000.0, 600000.0, 605000.0, 610000.0, 615000.0, 620000.0, 625000.0, 630000.0, 635000.0, 640000.0, 645000.0, 650000.0, 655000.0, 660000.0, 665000.0, 670000.0, 675000.0, 680000.0, 685000.0, 690000.0, 695000.0, 700000.0, 705000.0, 710000.0, 715000.0, 720000.0, 725000.0, 730000.0, 735000.0, 740000.0, 745000.0, 750000.0, 755000.0, 760000.0, 765000.0, 770000.0, 775000.0, 780000.0, 785000.0, 790000.0, 795000.0, 800000.0, 805000.0, 810000.0, 815000.0, 820000.0, 825000.0, 830000.0, 835000.0, 840000.0, 845000.0, 850000.0, 855000.0, 860000.0, 865000.0, 870000.0, 875000.0, 880000.0, 885000.0, 890000.0, 895000.0, 900000.0, 905000.0, 910000.0, 915000.0, 920000.0, 925000.0, 930000.0, 935000.0, 940000.0, 945000.0, 950000.0, 955000.0, 960000.0, 965000.0, 970000.0, 975000.0, 980000.0, 985000.0, 990000.0, 995000.0, 1000000.0]

number of circles fewer than each of those sample points:
[4259764, 4319034, 4378992, 4438696, 4498876, 4559558, 4620464, 4681484, 4742832, 4804454, 4866485, 4928940, 4991487, 5053996, 5116652, 5180036, 5243509, 5306536, 5370193, 5434434, 5498807, 5563630, 5628594, 5693460, 5758409, 5823049, 5888542, 5954249, 6019498, 6085135, 6151364, 6217774, 6284151, 6350904, 6418014, 6485141, 6552589, 6620607, 6688770, 6756948, 6825306, 6893537, 6962485, 7031415, 7101010, 7170219, 7239591, 7308814, 7379214, 7449024, 7519431, 7590117, 7660832, 7731356, 7802493, 7873949, 7945502, 8017057, 8088666, 8160134, 8232417, 8305055, 8377480, 8450260, 8522699, 8595897, 8669049, 8742118, 8815495, 8889514, 8963616, 9037482, 9111855, 9186386, 9261167, 9335924, 9410616, 9485369, 9561106, 9636784, 9712368, 9787922, 9864522, 9940588, 10017097, 10093564, 10170448, 10247366, 10324159, 10401153, 10478204, 10556156, 10633935, 10711713, 10790142, 10868009, 10946386, 11024728, 11103435, 11182592]

[33mBuilt regression model![0m
Model info:
	r^2:		0.9999998404847179
	p-value:	0
	intercept:	-3.2905346068609553
	slope:	1.4129434012712605
Fractal dimension: 1.4129434012712605
