[33mCounting circles[0m
6%		23.936609475s remaining
13%		21.297913623s remaining
19%		18.470548693s remaining
25%		15.919644867s remaining
31%		13.917542529s remaining
38%		12.491915808s remaining
44%		11.421391147s remaining
50%		10.449099966s remaining
56%		9.32871353s remaining
63%		8.001976576s remaining
69%		6.569865823s remaining
75%		5.154592688s remaining
81%		3.817727033s remaining
88%		2.548916122s remaining
94%		1.290728802s remaining

Took 20.992776931s to count circles

[33mDone counting circles![0m
sample points:
[505000.0, 510000.0, 515000.0, 520000.0, 525000.0, 530000.0, 535000.0, 540000.0, 545000.0, 550000.0, 555000.0, 560000.0, 565000.0, 570000.0, 575000.0, 580000.0, 585000.0, 590000.0, 595000.0, 600000.0, 605000.0, 610000.0, 615000.0, 620000.0, 625000.0, 630000.0, 635000.0, 640000.0, 645000.0, 650000.0, 655000.0, 660000.0, 665000.0, 670000.0, 675000.0, 680000.0, 685000.0, 690000.0, 695000.0, 700000.0, 705000.0, 710000.0, 715000.0, 720000.0, 725000.0, 730000.0, 735000.0, 740000.0, 745000.0, 750000.0, 755000.0, 760000.0, 765000.0, 770000.0, 775000.0, 780000.0, 785000.0, 790000.0, 795000.0, 800000.0, 805000.0, 810000.0, 815000.0, 820000.0, 825000.0, 830000.0, 835000.0, 840000.0, 845000.0, 850000.0, 855000.0, 860000.0, 865000.0, 870000.0, 875000.0, 880000.0, 885000.0, 890000.0, 895000.0, 900000.0, 905000.0, 910000.0, 915000.0, 920000.0, 925000.0, 930000.0, 935000.0, 940000.0, 945000.0, 950000.0, 955000.0, 960000.0, 965000.0, 970000.0, 975000.0, 980000.0, 985000.0, 990000.0, 995000.0, 1000000.0]

number of circles fewer than each of those sample points:
[4667183, 4733387, 4799422, 4866174, 4933483, 5000509, 5068245, 5135472, 5203712, 5271892, 5340698, 5409443, 5478707, 5548020, 5617779, 5687800, 5757963, 5828478, 5899114, 5969857, 6041340, 6112515, 6183993, 6256517, 6328534, 6400837, 6473361, 6546311, 6619262, 6692837, 6766392, 6840034, 6914569, 6989002, 7063546, 7138277, 7213711, 7288975, 7363947, 7439580, 7514926, 7591378, 7667602, 7743796, 7820619, 7897733, 7975456, 8053081, 8130771, 8208701, 8287462, 8365931, 8444978, 8523241, 8602073, 8681056, 8760741, 8840749, 8920805, 9001099, 9081243, 9162241, 9242925, 9323928, 9405179, 9486244, 9567729, 9649425, 9731846, 9814435, 9896752, 9979910, 10063289, 10146597, 10229713, 10313155, 10396712, 10480689, 10565439, 10650007, 10734482, 10819081, 10903812, 10988943, 11074316, 11159801, 11245864, 11331598, 11417654, 11503771, 11590369, 11677122, 11764099, 11851032, 11938779, 12026745, 12114807, 12202463, 12290665, 12379005]

[33mBuilt regression model![0m
Model info:
	r^2:		0.9999999496754843
	p-value:	0
	intercept:	-3.3909815335741165
	slope:	1.4275560884625609
Fractal dimension: 1.4275560884625609
