[33mCounting circles[0m
10%		10.879121889s remaining
20%		9.602874156s remaining
30%		8.352265649s remaining
40%		7.151546023s remaining
50%		5.973112002s remaining
60%		4.781831937s remaining
70%		3.580557159s remaining
80%		2.38365627s remaining
90%		1.1922257219999999s remaining

Took 11.938319308s to count circles

[33mDone counting circles![0m
sample points:
[505000.0, 510000.0, 515000.0, 520000.0, 525000.0, 530000.0, 535000.0, 540000.0, 545000.0, 550000.0, 555000.0, 560000.0, 565000.0, 570000.0, 575000.0, 580000.0, 585000.0, 590000.0, 595000.0, 600000.0, 605000.0, 610000.0, 615000.0, 620000.0, 625000.0, 630000.0, 635000.0, 640000.0, 645000.0, 650000.0, 655000.0, 660000.0, 665000.0, 670000.0, 675000.0, 680000.0, 685000.0, 690000.0, 695000.0, 700000.0, 705000.0, 710000.0, 715000.0, 720000.0, 725000.0, 730000.0, 735000.0, 740000.0, 745000.0, 750000.0, 755000.0, 760000.0, 765000.0, 770000.0, 775000.0, 780000.0, 785000.0, 790000.0, 795000.0, 800000.0, 805000.0, 810000.0, 815000.0, 820000.0, 825000.0, 830000.0, 835000.0, 840000.0, 845000.0, 850000.0, 855000.0, 860000.0, 865000.0, 870000.0, 875000.0, 880000.0, 885000.0, 890000.0, 895000.0, 900000.0, 905000.0, 910000.0, 915000.0, 920000.0, 925000.0, 930000.0, 935000.0, 940000.0, 945000.0, 950000.0, 955000.0, 960000.0, 965000.0, 970000.0, 975000.0, 980000.0, 985000.0, 990000.0, 995000.0, 1000000.0]

number of circles fewer than each of those sample points:
[3940547, 3994793, 4049452, 4104787, 4160240, 4215832, 4271962, 4327744, 4384285, 4440854, 4497152, 4553767, 4611005, 4668225, 4726004, 4783746, 4841269, 4899679, 4957892, 5016342, 5074974, 5133623, 5192315, 5251632, 5311303, 5370769, 5430948, 5490752, 5550970, 5611607, 5672199, 5733313, 5794062, 5854846, 5915577, 5977210, 6038798, 6100469, 6162745, 6225105, 6287309, 6349347, 6412117, 6474487, 6537204, 6600876, 6664662, 6727868, 6791776, 6855590, 6919881, 6983493, 7047667, 7111746, 7176625, 7241302, 7306433, 7371274, 7436392, 7501998, 7568082, 7633840, 7699815, 7766217, 7832207, 7899105, 7966170, 8032523, 8099534, 8166379, 8233755, 8300921, 8369000, 8437136, 8504937, 8572768, 8641304, 8709732, 8778510, 8847608, 8916984, 8985956, 9054911, 9124413, 9193724, 9263430, 9333369, 9402799, 9472570, 9542933, 9613218, 9683498, 9753922, 9825426, 9896188, 9967789, 10039111, 10111025, 10182138, 10253900]

[33mBuilt regression model![0m
Model info:
	r^2:		0.9999998690599342
	p-value:	0
	intercept:	-3.193787740841305
	slope:	1.399652710272311
Fractal dimension: 1.399652710272311
