[33mCounting circles[0m
13%		7.423869586s remaining
25%		6.370354916s remaining
38%		5.313235541s remaining
50%		4.251458189s remaining
63%		3.188738554s remaining
75%		2.127026897s remaining
88%		1.063529991s remaining

Took 8.50481763s to count circles

[33mDone counting circles![0m
sample points:
[505000.0, 510000.0, 515000.0, 520000.0, 525000.0, 530000.0, 535000.0, 540000.0, 545000.0, 550000.0, 555000.0, 560000.0, 565000.0, 570000.0, 575000.0, 580000.0, 585000.0, 590000.0, 595000.0, 600000.0, 605000.0, 610000.0, 615000.0, 620000.0, 625000.0, 630000.0, 635000.0, 640000.0, 645000.0, 650000.0, 655000.0, 660000.0, 665000.0, 670000.0, 675000.0, 680000.0, 685000.0, 690000.0, 695000.0, 700000.0, 705000.0, 710000.0, 715000.0, 720000.0, 725000.0, 730000.0, 735000.0, 740000.0, 745000.0, 750000.0, 755000.0, 760000.0, 765000.0, 770000.0, 775000.0, 780000.0, 785000.0, 790000.0, 795000.0, 800000.0, 805000.0, 810000.0, 815000.0, 820000.0, 825000.0, 830000.0, 835000.0, 840000.0, 845000.0, 850000.0, 855000.0, 860000.0, 865000.0, 870000.0, 875000.0, 880000.0, 885000.0, 890000.0, 895000.0, 900000.0, 905000.0, 910000.0, 915000.0, 920000.0, 925000.0, 930000.0, 935000.0, 940000.0, 945000.0, 950000.0, 955000.0, 960000.0, 965000.0, 970000.0, 975000.0, 980000.0, 985000.0, 990000.0, 995000.0, 1000000.0]

number of circles fewer than each of those sample points:
[3466580, 3513646, 3561393, 3609220, 3656824, 3704894, 3752902, 3801297, 3849882, 3898676, 3947520, 3996604, 4045962, 4094945, 4144728, 4194566, 4244467, 4294706, 4344855, 4395331, 4445718, 4496571, 4547270, 4598268, 4649364, 4700437, 4752097, 4803735, 4855313, 4907366, 4959619, 5011971, 5064366, 5116979, 5169697, 5222393, 5275353, 5328370, 5381486, 5435176, 5489093, 5542918, 5596989, 5651092, 5705005, 5759378, 5814303, 5868800, 5923790, 5978585, 6033519, 6088632, 6144172, 6200244, 6255981, 6311822, 6367625, 6423640, 6480010, 6536375, 6592376, 6648646, 6705372, 6761818, 6819042, 6876219, 6933126, 6990335, 7047938, 7105188, 7162668, 7220178, 7278379, 7336261, 7394298, 7452525, 7510853, 7569516, 7628020, 7686583, 7745001, 7804364, 7863429, 7922997, 7982091, 8041434, 8101141, 8160790, 8220493, 8280807, 8341000, 8401299, 8461358, 8522362, 8582856, 8643248, 8704062, 8765410, 8826589, 8887839]

[33mBuilt regression model![0m
Model info:
	r^2:		0.9999998267158383
	p-value:	0
	intercept:	-3.0443390365160603
	slope:	1.3784925455620327
Fractal dimension: 1.3784925455620327
