[33mCounting circles[0m
9%		14.41577882s remaining
18%		7.303730476s remaining
27%		4.838628072s remaining
36%		3.513338314s remaining
45%		2.636532985s remaining
55%		1.9804903619999998s remaining
64%		1.451177297s remaining
73%		1.008336149s remaining
82%		0.62965257s remaining
91%		0.298413096s remaining

Took 3.14959145s to count circles

[33mDone counting circles![0m
sample points:
[505000.0, 510000.0, 515000.0, 520000.0, 525000.0, 530000.0, 535000.0, 540000.0, 545000.0, 550000.0, 555000.0, 560000.0, 565000.0, 570000.0, 575000.0, 580000.0, 585000.0, 590000.0, 595000.0, 600000.0, 605000.0, 610000.0, 615000.0, 620000.0, 625000.0, 630000.0, 635000.0, 640000.0, 645000.0, 650000.0, 655000.0, 660000.0, 665000.0, 670000.0, 675000.0, 680000.0, 685000.0, 690000.0, 695000.0, 700000.0, 705000.0, 710000.0, 715000.0, 720000.0, 725000.0, 730000.0, 735000.0, 740000.0, 745000.0, 750000.0, 755000.0, 760000.0, 765000.0, 770000.0, 775000.0, 780000.0, 785000.0, 790000.0, 795000.0, 800000.0, 805000.0, 810000.0, 815000.0, 820000.0, 825000.0, 830000.0, 835000.0, 840000.0, 845000.0, 850000.0, 855000.0, 860000.0, 865000.0, 870000.0, 875000.0, 880000.0, 885000.0, 890000.0, 895000.0, 900000.0, 905000.0, 910000.0, 915000.0, 920000.0, 925000.0, 930000.0, 935000.0, 940000.0, 945000.0, 950000.0, 955000.0, 960000.0, 965000.0, 970000.0, 975000.0, 980000.0, 985000.0, 990000.0, 995000.0, 1000000.0]

number of circles fewer than each of those sample points:
[1085386, 1099664, 1113964, 1128366, 1142847, 1157270, 1171737, 1186268, 1200876, 1215463, 1230167, 1244870, 1259739, 1274706, 1289476, 1304207, 1319250, 1334138, 1349255, 1364503, 1379546, 1394855, 1409793, 1424969, 1440341, 1455782, 1471189, 1486423, 1501828, 1517296, 1532828, 1548378, 1563940, 1579804, 1595723, 1611581, 1627336, 1643004, 1658861, 1674426, 1690391, 1706096, 1722126, 1738026, 1754178, 1770291, 1786383, 1802464, 1818765, 1834980, 1851321, 1867365, 1883847, 1900268, 1916692, 1933143, 1949757, 1966396, 1982874, 1999529, 2016177, 2032878, 2049526, 2066365, 2083137, 2099787, 2116392, 2132931, 2149839, 2166940, 2183822, 2200494, 2217468, 2234554, 2251497, 2268481, 2285678, 2302828, 2319799, 2337344, 2354335, 2371698, 2389165, 2406625, 2424120, 2441266, 2458737, 2476093, 2493669, 2511182, 2528677, 2546034, 2563752, 2581431, 2599197, 2616865, 2634549, 2652371, 2670322, 2687969]

[33mBuilt regression model![0m
Model info:
	r^2:		0.9999997604597992
	p-value:	0
	intercept:	-3.536778415261402
	slope:	1.3275815916452245
Fractal dimension: 1.3275815916452245
