[33mCounting circles[0m
13%		7.815937037s remaining
25%		3.99259608s remaining
38%		2.575114438s remaining
50%		1.758989423s remaining
63%		1.184064444s remaining
75%		0.729157659s remaining
88%		0.343087823s remaining

Took 2.614898835s to count circles

[33mDone counting circles![0m
sample points:
[505000.0, 510000.0, 515000.0, 520000.0, 525000.0, 530000.0, 535000.0, 540000.0, 545000.0, 550000.0, 555000.0, 560000.0, 565000.0, 570000.0, 575000.0, 580000.0, 585000.0, 590000.0, 595000.0, 600000.0, 605000.0, 610000.0, 615000.0, 620000.0, 625000.0, 630000.0, 635000.0, 640000.0, 645000.0, 650000.0, 655000.0, 660000.0, 665000.0, 670000.0, 675000.0, 680000.0, 685000.0, 690000.0, 695000.0, 700000.0, 705000.0, 710000.0, 715000.0, 720000.0, 725000.0, 730000.0, 735000.0, 740000.0, 745000.0, 750000.0, 755000.0, 760000.0, 765000.0, 770000.0, 775000.0, 780000.0, 785000.0, 790000.0, 795000.0, 800000.0, 805000.0, 810000.0, 815000.0, 820000.0, 825000.0, 830000.0, 835000.0, 840000.0, 845000.0, 850000.0, 855000.0, 860000.0, 865000.0, 870000.0, 875000.0, 880000.0, 885000.0, 890000.0, 895000.0, 900000.0, 905000.0, 910000.0, 915000.0, 920000.0, 925000.0, 930000.0, 935000.0, 940000.0, 945000.0, 950000.0, 955000.0, 960000.0, 965000.0, 970000.0, 975000.0, 980000.0, 985000.0, 990000.0, 995000.0, 1000000.0]

number of circles fewer than each of those sample points:
[1383262, 1401420, 1419804, 1438079, 1456295, 1474736, 1493330, 1512118, 1530729, 1549432, 1568116, 1587312, 1606398, 1625465, 1644434, 1663754, 1682961, 1702459, 1721695, 1741044, 1760583, 1780275, 1799612, 1819418, 1838933, 1858412, 1878070, 1897967, 1917746, 1937416, 1957445, 1977447, 1997348, 2017328, 2037571, 2057764, 2077874, 2098017, 2118359, 2138902, 2159162, 2179339, 2200060, 2220558, 2241166, 2261721, 2282679, 2303523, 2324319, 2345311, 2366277, 2387192, 2408158, 2429585, 2450477, 2471591, 2492851, 2513976, 2535221, 2556599, 2578029, 2599353, 2620822, 2642092, 2663681, 2685321, 2707017, 2728525, 2750128, 2771936, 2793777, 2815502, 2837330, 2859179, 2881283, 2903066, 2925321, 2947360, 2969713, 2991861, 3013872, 3036338, 3058399, 3080719, 3103423, 3125842, 3148202, 3170860, 3193437, 3216257, 3238882, 3261613, 3284425, 3306923, 3329901, 3352840, 3375675, 3398746, 3421497, 3444281]

[33mBuilt regression model![0m
Model info:
	r^2:		0.9999997598034032
	p-value:	0
	intercept:	-3.4003938594598875
	slope:	1.3356416131011466
Fractal dimension: 1.3356416131011466
