[33mCounting circles[0m
14%		6.401401488s remaining
29%		3.313791802s remaining
43%		2.108803906s remaining
57%		1.378191397s remaining
71%		0.83754987s remaining
86%		0.392085957s remaining

Took 2.612361622s to count circles

[33mDone counting circles![0m
sample points:
[505000.0, 510000.0, 515000.0, 520000.0, 525000.0, 530000.0, 535000.0, 540000.0, 545000.0, 550000.0, 555000.0, 560000.0, 565000.0, 570000.0, 575000.0, 580000.0, 585000.0, 590000.0, 595000.0, 600000.0, 605000.0, 610000.0, 615000.0, 620000.0, 625000.0, 630000.0, 635000.0, 640000.0, 645000.0, 650000.0, 655000.0, 660000.0, 665000.0, 670000.0, 675000.0, 680000.0, 685000.0, 690000.0, 695000.0, 700000.0, 705000.0, 710000.0, 715000.0, 720000.0, 725000.0, 730000.0, 735000.0, 740000.0, 745000.0, 750000.0, 755000.0, 760000.0, 765000.0, 770000.0, 775000.0, 780000.0, 785000.0, 790000.0, 795000.0, 800000.0, 805000.0, 810000.0, 815000.0, 820000.0, 825000.0, 830000.0, 835000.0, 840000.0, 845000.0, 850000.0, 855000.0, 860000.0, 865000.0, 870000.0, 875000.0, 880000.0, 885000.0, 890000.0, 895000.0, 900000.0, 905000.0, 910000.0, 915000.0, 920000.0, 925000.0, 930000.0, 935000.0, 940000.0, 945000.0, 950000.0, 955000.0, 960000.0, 965000.0, 970000.0, 975000.0, 980000.0, 985000.0, 990000.0, 995000.0, 1000000.0]

number of circles fewer than each of those sample points:
[1595895, 1616955, 1638211, 1659630, 1680863, 1702108, 1723367, 1744973, 1766897, 1788442, 1810343, 1832161, 1854258, 1876317, 1898444, 1920649, 1942686, 1965133, 1987206, 2009668, 2032094, 2054780, 2077237, 2099687, 2122513, 2145020, 2167554, 2190526, 2213457, 2236406, 2259684, 2282578, 2305542, 2329102, 2352330, 2375679, 2399018, 2422448, 2446092, 2469834, 2493558, 2517415, 2541075, 2564950, 2588661, 2612408, 2636470, 2660571, 2684696, 2709048, 2733337, 2757457, 2781802, 2805956, 2830520, 2854878, 2879407, 2903987, 2928489, 2953037, 2977548, 3002427, 3027538, 3052291, 3077352, 3102447, 3127475, 3152397, 3177541, 3202476, 3227789, 3253047, 3278368, 3303727, 3329333, 3354972, 3380247, 3405779, 3431634, 3457378, 3482567, 3508393, 3534217, 3560279, 3586175, 3612018, 3638088, 3664249, 3690077, 3716107, 3742280, 3768644, 3794884, 3821097, 3847459, 3874167, 3900763, 3927439, 3954058, 3980675]

[33mBuilt regression model![0m
Model info:
	r^2:		0.9999998931514534
	p-value:	0
	intercept:	-3.2883695047952965
	slope:	1.3380091884020555
Fractal dimension: 1.3380091884020555
