[33mCounting circles[0m
10%		11.106793809s remaining
20%		5.6234462s remaining
30%		3.695902849s remaining
40%		2.646427825s remaining
50%		1.94145944s remaining
60%		1.407858634s remaining
70%		0.973925256s remaining
80%		0.606722098s remaining
90%		0.286900607s remaining

Took 2.744485935s to count circles

[33mDone counting circles![0m
sample points:
[505000.0, 510000.0, 515000.0, 520000.0, 525000.0, 530000.0, 535000.0, 540000.0, 545000.0, 550000.0, 555000.0, 560000.0, 565000.0, 570000.0, 575000.0, 580000.0, 585000.0, 590000.0, 595000.0, 600000.0, 605000.0, 610000.0, 615000.0, 620000.0, 625000.0, 630000.0, 635000.0, 640000.0, 645000.0, 650000.0, 655000.0, 660000.0, 665000.0, 670000.0, 675000.0, 680000.0, 685000.0, 690000.0, 695000.0, 700000.0, 705000.0, 710000.0, 715000.0, 720000.0, 725000.0, 730000.0, 735000.0, 740000.0, 745000.0, 750000.0, 755000.0, 760000.0, 765000.0, 770000.0, 775000.0, 780000.0, 785000.0, 790000.0, 795000.0, 800000.0, 805000.0, 810000.0, 815000.0, 820000.0, 825000.0, 830000.0, 835000.0, 840000.0, 845000.0, 850000.0, 855000.0, 860000.0, 865000.0, 870000.0, 875000.0, 880000.0, 885000.0, 890000.0, 895000.0, 900000.0, 905000.0, 910000.0, 915000.0, 920000.0, 925000.0, 930000.0, 935000.0, 940000.0, 945000.0, 950000.0, 955000.0, 960000.0, 965000.0, 970000.0, 975000.0, 980000.0, 985000.0, 990000.0, 995000.0, 1000000.0]

number of circles fewer than each of those sample points:
[1152921, 1167992, 1183184, 1198572, 1213916, 1229187, 1244652, 1260118, 1275681, 1291462, 1307206, 1323016, 1338774, 1354547, 1370309, 1386234, 1402068, 1418185, 1434380, 1450336, 1466251, 1482528, 1498712, 1514815, 1531209, 1547434, 1563553, 1579809, 1596320, 1612853, 1629289, 1645931, 1662419, 1679047, 1695922, 1712694, 1729530, 1746335, 1763255, 1780467, 1797369, 1814397, 1831433, 1848534, 1865531, 1882782, 1899840, 1916993, 1934214, 1951577, 1968931, 1986191, 2003689, 2020846, 2038488, 2055951, 2073403, 2090957, 2108377, 2125990, 2143864, 2161641, 2179291, 2197085, 2214873, 2232847, 2250493, 2268224, 2286345, 2304251, 2322211, 2340208, 2358124, 2376395, 2394418, 2412749, 2431079, 2449374, 2467751, 2486244, 2504833, 2523267, 2541792, 2560344, 2578911, 2597476, 2616084, 2634736, 2653520, 2672255, 2691052, 2709939, 2728634, 2747526, 2766276, 2785115, 2803965, 2822882, 2841956, 2860918]

[33mBuilt regression model![0m
Model info:
	r^2:		0.999999665345368
	p-value:	0
	intercept:	-3.5104082550715
	slope:	1.330172669138874
Fractal dimension: 1.330172669138874
