[33mCounting circles[0m
11%		9.404877848s remaining
22%		4.769821664s remaining
33%		3.104251612s remaining
44%		2.178748567s remaining
56%		1.545816224s remaining
67%		1.059107592s remaining
78%		0.657230552s remaining
89%		0.310034319s remaining

Took 2.662047587s to count circles

[33mDone counting circles![0m
sample points:
[505000.0, 510000.0, 515000.0, 520000.0, 525000.0, 530000.0, 535000.0, 540000.0, 545000.0, 550000.0, 555000.0, 560000.0, 565000.0, 570000.0, 575000.0, 580000.0, 585000.0, 590000.0, 595000.0, 600000.0, 605000.0, 610000.0, 615000.0, 620000.0, 625000.0, 630000.0, 635000.0, 640000.0, 645000.0, 650000.0, 655000.0, 660000.0, 665000.0, 670000.0, 675000.0, 680000.0, 685000.0, 690000.0, 695000.0, 700000.0, 705000.0, 710000.0, 715000.0, 720000.0, 725000.0, 730000.0, 735000.0, 740000.0, 745000.0, 750000.0, 755000.0, 760000.0, 765000.0, 770000.0, 775000.0, 780000.0, 785000.0, 790000.0, 795000.0, 800000.0, 805000.0, 810000.0, 815000.0, 820000.0, 825000.0, 830000.0, 835000.0, 840000.0, 845000.0, 850000.0, 855000.0, 860000.0, 865000.0, 870000.0, 875000.0, 880000.0, 885000.0, 890000.0, 895000.0, 900000.0, 905000.0, 910000.0, 915000.0, 920000.0, 925000.0, 930000.0, 935000.0, 940000.0, 945000.0, 950000.0, 955000.0, 960000.0, 965000.0, 970000.0, 975000.0, 980000.0, 985000.0, 990000.0, 995000.0, 1000000.0]

number of circles fewer than each of those sample points:
[1247061, 1263491, 1280235, 1296633, 1313249, 1329730, 1346563, 1363436, 1380214, 1396974, 1414053, 1430878, 1448030, 1465241, 1482290, 1499296, 1516684, 1534057, 1551465, 1568574, 1586011, 1603360, 1621054, 1638564, 1656489, 1674219, 1691951, 1709850, 1727661, 1745395, 1763526, 1781245, 1799210, 1817374, 1835458, 1853643, 1871900, 1890385, 1908716, 1926926, 1945054, 1963472, 1981735, 2000236, 2018800, 2037312, 2055943, 2074819, 2093389, 2112023, 2130834, 2149491, 2168159, 2186979, 2206045, 2225118, 2244051, 2263249, 2282408, 2301728, 2320964, 2340043, 2359118, 2378663, 2397880, 2417300, 2436837, 2456227, 2475777, 2495266, 2514810, 2534441, 2554112, 2573703, 2593337, 2613149, 2633093, 2652859, 2672868, 2692612, 2712553, 2732393, 2752721, 2772640, 2792806, 2812635, 2833002, 2853257, 2873481, 2893577, 2913755, 2934140, 2954292, 2974748, 2995132, 3015313, 3035795, 3056395, 3077396, 3098107]

[33mBuilt regression model![0m
Model info:
	r^2:		0.9999998510406004
	p-value:	0
	intercept:	-3.457881524034457
	slope:	1.3321426719317444
Fractal dimension: 1.3321426719317444
