[33mCounting circles[0m
17%		5.199488485s remaining
33%		2.758868212s remaining
50%		1.71756345s remaining
67%		1.027965171s remaining
83%		0.47865857s remaining

Took 2.732748118s to count circles

[33mDone counting circles![0m
sample points:
[505000.0, 510000.0, 515000.0, 520000.0, 525000.0, 530000.0, 535000.0, 540000.0, 545000.0, 550000.0, 555000.0, 560000.0, 565000.0, 570000.0, 575000.0, 580000.0, 585000.0, 590000.0, 595000.0, 600000.0, 605000.0, 610000.0, 615000.0, 620000.0, 625000.0, 630000.0, 635000.0, 640000.0, 645000.0, 650000.0, 655000.0, 660000.0, 665000.0, 670000.0, 675000.0, 680000.0, 685000.0, 690000.0, 695000.0, 700000.0, 705000.0, 710000.0, 715000.0, 720000.0, 725000.0, 730000.0, 735000.0, 740000.0, 745000.0, 750000.0, 755000.0, 760000.0, 765000.0, 770000.0, 775000.0, 780000.0, 785000.0, 790000.0, 795000.0, 800000.0, 805000.0, 810000.0, 815000.0, 820000.0, 825000.0, 830000.0, 835000.0, 840000.0, 845000.0, 850000.0, 855000.0, 860000.0, 865000.0, 870000.0, 875000.0, 880000.0, 885000.0, 890000.0, 895000.0, 900000.0, 905000.0, 910000.0, 915000.0, 920000.0, 925000.0, 930000.0, 935000.0, 940000.0, 945000.0, 950000.0, 955000.0, 960000.0, 965000.0, 970000.0, 975000.0, 980000.0, 985000.0, 990000.0, 995000.0, 1000000.0]

number of circles fewer than each of those sample points:
[1959684, 1985801, 2012129, 2038136, 2064572, 2090848, 2117443, 2144059, 2170882, 2197916, 2224719, 2251639, 2278459, 2305521, 2332458, 2359535, 2386825, 2414267, 2441702, 2469307, 2496767, 2524624, 2552135, 2580061, 2607823, 2636075, 2664208, 2692430, 2720744, 2749234, 2777686, 2805944, 2834391, 2862808, 2891301, 2919802, 2948827, 2977639, 3006533, 3035773, 3064642, 3093881, 3123042, 3152299, 3181616, 3210993, 3240458, 3269938, 3299696, 3329152, 3358921, 3389292, 3419367, 3449379, 3479223, 3509440, 3539673, 3569693, 3599978, 3630254, 3660787, 3691162, 3721645, 3752559, 3783306, 3813971, 3844645, 3875327, 3906250, 3937209, 3968333, 3999489, 4030832, 4062154, 4093485, 4124959, 4156500, 4187799, 4219535, 4250936, 4282651, 4314315, 4346332, 4378232, 4410049, 4442088, 4474597, 4506679, 4538436, 4570456, 4602557, 4635133, 4667275, 4699505, 4731845, 4764410, 4796944, 4829510, 4862339, 4895242]

[33mBuilt regression model![0m
Model info:
	r^2:		0.9999999089156297
	p-value:	0
	intercept:	-3.105920299785776
	slope:	1.3397789158879816
Fractal dimension: 1.3397789158879816
