[33mCounting circles[0m
20%		4.034699336s remaining
40%		2.268479841s remaining
60%		1.343709912s remaining
80%		0.62967183s remaining

Took 3.024589316s to count circles

[33mDone counting circles![0m
sample points:
[505000.0, 510000.0, 515000.0, 520000.0, 525000.0, 530000.0, 535000.0, 540000.0, 545000.0, 550000.0, 555000.0, 560000.0, 565000.0, 570000.0, 575000.0, 580000.0, 585000.0, 590000.0, 595000.0, 600000.0, 605000.0, 610000.0, 615000.0, 620000.0, 625000.0, 630000.0, 635000.0, 640000.0, 645000.0, 650000.0, 655000.0, 660000.0, 665000.0, 670000.0, 675000.0, 680000.0, 685000.0, 690000.0, 695000.0, 700000.0, 705000.0, 710000.0, 715000.0, 720000.0, 725000.0, 730000.0, 735000.0, 740000.0, 745000.0, 750000.0, 755000.0, 760000.0, 765000.0, 770000.0, 775000.0, 780000.0, 785000.0, 790000.0, 795000.0, 800000.0, 805000.0, 810000.0, 815000.0, 820000.0, 825000.0, 830000.0, 835000.0, 840000.0, 845000.0, 850000.0, 855000.0, 860000.0, 865000.0, 870000.0, 875000.0, 880000.0, 885000.0, 890000.0, 895000.0, 900000.0, 905000.0, 910000.0, 915000.0, 920000.0, 925000.0, 930000.0, 935000.0, 940000.0, 945000.0, 950000.0, 955000.0, 960000.0, 965000.0, 970000.0, 975000.0, 980000.0, 985000.0, 990000.0, 995000.0, 1000000.0]

number of circles fewer than each of those sample points:
[2684395, 2719588, 2755022, 2790854, 2826551, 2862894, 2899245, 2935824, 2971875, 3008378, 3044621, 3080922, 3117750, 3154706, 3191576, 3228634, 3265616, 3302882, 3340389, 3378054, 3415894, 3453526, 3491426, 3529558, 3567517, 3605924, 3644242, 3683088, 3721679, 3760206, 3798360, 3837236, 3876139, 3914966, 3954356, 3994246, 4033502, 4073158, 4112669, 4152032, 4191468, 4231060, 4270617, 4310418, 4350332, 4390486, 4430795, 4471098, 4511577, 4551938, 4592332, 4633110, 4673752, 4714414, 4755042, 4796162, 4837391, 4878402, 4918784, 4960474, 5001630, 5043452, 5085055, 5126942, 5168339, 5210050, 5252272, 5294220, 5336360, 5378596, 5420829, 5463562, 5506386, 5549052, 5591234, 5633860, 5676518, 5720238, 5763077, 5806020, 5848666, 5892156, 5935935, 5979362, 6022880, 6066834, 6110254, 6154076, 6197910, 6242132, 6285919, 6329482, 6373472, 6417288, 6461391, 6505672, 6550049, 6594636, 6639495, 6683566]

[33mBuilt regression model![0m
Model info:
	r^2:		0.9999997572682645
	p-value:	0
	intercept:	-2.7342920791955194
	slope:	1.3354146639650715
Fractal dimension: 1.3354146639650715
