[33mCounting circles[0m
8%		77m 28.42417618699983s remaining
17%		70m 22.53452785399986s remaining
25%		63m 18.124417001999973s remaining
33%		56m 15.732396318000156s remaining
42%		49m 14.603307572000176s remaining
50%		42m 13.26377893100016s remaining
58%		35m 11.362872397000046s remaining
67%		28m 8.89872659799994s remaining
75%		21m 6.455512325999962s remaining
83%		14m 4.245951419999983s remaining
92%		7m 2.1637797660000047s remaining

Took 84m 26.74194955100029s to count circles

[33mDone counting circles![0m
sample points:
[25250000.0, 25500000.0, 25750000.0, 26000000.0, 26250000.0, 26500000.0, 26750000.0, 27000000.0, 27250000.0, 27500000.0, 27750000.0, 28000000.0, 28250000.0, 28500000.0, 28750000.0, 29000000.0, 29250000.0, 29500000.0, 29750000.0, 30000000.0, 30250000.0, 30500000.0, 30750000.0, 31000000.0, 31250000.0, 31500000.0, 31750000.0, 32000000.0, 32250000.0, 32500000.0, 32750000.0, 33000000.0, 33250000.0, 33500000.0, 33750000.0, 34000000.0, 34250000.0, 34500000.0, 34750000.0, 35000000.0, 35250000.0, 35500000.0, 35750000.0, 36000000.0, 36250000.0, 36500000.0, 36750000.0, 37000000.0, 37250000.0, 37500000.0, 37750000.0, 38000000.0, 38250000.0, 38500000.0, 38750000.0, 39000000.0, 39250000.0, 39500000.0, 39750000.0, 40000000.0, 40250000.0, 40500000.0, 40750000.0, 41000000.0, 41250000.0, 41500000.0, 41750000.0, 42000000.0, 42250000.0, 42500000.0, 42750000.0, 43000000.0, 43250000.0, 43500000.0, 43750000.0, 44000000.0, 44250000.0, 44500000.0, 44750000.0, 45000000.0, 45250000.0, 45500000.0, 45750000.0, 46000000.0, 46250000.0, 46500000.0, 46750000.0, 47000000.0, 47250000.0, 47500000.0, 47750000.0, 48000000.0, 48250000.0, 48500000.0, 48750000.0, 49000000.0, 49250000.0, 49500000.0, 49750000.0, 50000000.0]

number of circles fewer than each of those sample points:
[2321459340, 2356748914, 2392235718, 2427905774, 2463749337, 2499768781, 2535982562, 2572374383, 2608938020, 2645681220, 2682600576, 2719708620, 2756988279, 2794439473, 2832058315, 2869850673, 2907831987, 2945982620, 2984316437, 3022799297, 3061467000, 3100290988, 3139310414, 3178501810, 3217850129, 3257360311, 3297032658, 3336871388, 3376890020, 3417069552, 3457409691, 3497913014, 3538578649, 3579410844, 3620412897, 3661566499, 3702876995, 3744356455, 3785991971, 3827783985, 3869728444, 3911841356, 3954112333, 3996546817, 4039133477, 4081873185, 4124761640, 4167803193, 4211016152, 4254382878, 4297894683, 4341559202, 4385380246, 4429359741, 4473490957, 4517777186, 4562200607, 4606781005, 4651519880, 4696403241, 4741429493, 4786609795, 4831952458, 4877424305, 4923046047, 4968816743, 5014738078, 5060796132, 5106997210, 5153351395, 5199860742, 5246502785, 5293282712, 5340222196, 5387291889, 5434505917, 5481875478, 5529384668, 5577036781, 5624831075, 5672751837, 5720817807, 5769033624, 5817385121, 5865871059, 5914497937, 5963269861, 6012172207, 6061228790, 6110424592, 6159754351, 6209228146, 6258829004, 6308574681, 6358449938, 6408459845, 6458604546, 6508880768, 6559294572, 6609844428]

[33mBuilt regression model![0m
Model info:
	r^2:		0.9999999998859627
	p-value:	0
	intercept:	-4.539162894854044
	slope:	1.5315715238864445
Fractal dimension: 1.5315715238864445
