[33mCounting circles[0m
10%		58m 25.103171100000054s remaining
20%		51m 54.88140363999992s remaining
30%		45m 24.853696177000074s remaining
40%		38m 55.28488243799984s remaining
50%		32m 26.078220913999985s remaining
60%		25m 56.74458316899995s remaining
70%		19m 27.558983852999972s remaining
80%		12m 58.342079762000026s remaining
90%		6m 29.166106341999978s remaining

Took 64m 51.59546071500017s to count circles

[33mDone counting circles![0m
sample points:
[25250000.0, 25500000.0, 25750000.0, 26000000.0, 26250000.0, 26500000.0, 26750000.0, 27000000.0, 27250000.0, 27500000.0, 27750000.0, 28000000.0, 28250000.0, 28500000.0, 28750000.0, 29000000.0, 29250000.0, 29500000.0, 29750000.0, 30000000.0, 30250000.0, 30500000.0, 30750000.0, 31000000.0, 31250000.0, 31500000.0, 31750000.0, 32000000.0, 32250000.0, 32500000.0, 32750000.0, 33000000.0, 33250000.0, 33500000.0, 33750000.0, 34000000.0, 34250000.0, 34500000.0, 34750000.0, 35000000.0, 35250000.0, 35500000.0, 35750000.0, 36000000.0, 36250000.0, 36500000.0, 36750000.0, 37000000.0, 37250000.0, 37500000.0, 37750000.0, 38000000.0, 38250000.0, 38500000.0, 38750000.0, 39000000.0, 39250000.0, 39500000.0, 39750000.0, 40000000.0, 40250000.0, 40500000.0, 40750000.0, 41000000.0, 41250000.0, 41500000.0, 41750000.0, 42000000.0, 42250000.0, 42500000.0, 42750000.0, 43000000.0, 43250000.0, 43500000.0, 43750000.0, 44000000.0, 44250000.0, 44500000.0, 44750000.0, 45000000.0, 45250000.0, 45500000.0, 45750000.0, 46000000.0, 46250000.0, 46500000.0, 46750000.0, 47000000.0, 47250000.0, 47500000.0, 47750000.0, 48000000.0, 48250000.0, 48500000.0, 48750000.0, 49000000.0, 49250000.0, 49500000.0, 49750000.0, 50000000.0]

number of circles fewer than each of those sample points:
[2072278261, 2103404542, 2134699705, 2166146319, 2197736492, 2229483366, 2261382505, 2293443132, 2325659173, 2358023871, 2390534575, 2423208523, 2456027489, 2488978522, 2522099139, 2555360224, 2588759118, 2622310260, 2656023310, 2689868495, 2723857678, 2757999465, 2792271612, 2826702010, 2861274199, 2895980207, 2930818811, 2965815403, 3000952350, 3036215278, 3071614348, 3107153813, 3142836290, 3178672675, 3214623593, 3250731540, 3286966755, 3323340820, 3359862376, 3396522470, 3433305916, 3470220102, 3507264796, 3544442367, 3581754043, 3619215387, 3656794583, 3694496677, 3732342272, 3770316399, 3808408512, 3846623512, 3884980758, 3923462532, 3962077371, 4000820172, 4039692985, 4078703469, 4117820121, 4157076389, 4196451459, 4235948527, 4275580176, 4315342324, 4355217949, 4395228077, 4435346675, 4475607870, 4515979810, 4556475641, 4597098946, 4637847530, 4678710445, 4719689955, 4760801527, 4802033515, 4843377718, 4884841308, 4926426572, 4968143656, 5009965766, 5051908301, 5093978885, 5136166063, 5178471656, 5220891741, 5263423464, 5306075657, 5348842972, 5391727768, 5434720735, 5477832769, 5521051269, 5564409800, 5607875502, 5651443272, 5695129859, 5738930415, 5782854978, 5826883677]

[33mBuilt regression model![0m
Model info:
	r^2:		0.9999999998468881
	p-value:	0
	intercept:	-4.339882517797907
	slope:	1.5132182760637072
Fractal dimension: 1.5132182760637072
