[33mCounting circles[0m
17%		16m 41.52267215500001s remaining
33%		13m 21.28227234999997s remaining
50%		10m 1.7492443510000157s remaining
67%		6m 41.016060779999975s remaining
83%		3m 20.475279032999993s remaining

Took 20m 2.743108814999914s to count circles

[33mDone counting circles![0m
sample points:
[25250000.0, 25500000.0, 25750000.0, 26000000.0, 26250000.0, 26500000.0, 26750000.0, 27000000.0, 27250000.0, 27500000.0, 27750000.0, 28000000.0, 28250000.0, 28500000.0, 28750000.0, 29000000.0, 29250000.0, 29500000.0, 29750000.0, 30000000.0, 30250000.0, 30500000.0, 30750000.0, 31000000.0, 31250000.0, 31500000.0, 31750000.0, 32000000.0, 32250000.0, 32500000.0, 32750000.0, 33000000.0, 33250000.0, 33500000.0, 33750000.0, 34000000.0, 34250000.0, 34500000.0, 34750000.0, 35000000.0, 35250000.0, 35500000.0, 35750000.0, 36000000.0, 36250000.0, 36500000.0, 36750000.0, 37000000.0, 37250000.0, 37500000.0, 37750000.0, 38000000.0, 38250000.0, 38500000.0, 38750000.0, 39000000.0, 39250000.0, 39500000.0, 39750000.0, 40000000.0, 40250000.0, 40500000.0, 40750000.0, 41000000.0, 41250000.0, 41500000.0, 41750000.0, 42000000.0, 42250000.0, 42500000.0, 42750000.0, 43000000.0, 43250000.0, 43500000.0, 43750000.0, 44000000.0, 44250000.0, 44500000.0, 44750000.0, 45000000.0, 45250000.0, 45500000.0, 45750000.0, 46000000.0, 46250000.0, 46500000.0, 46750000.0, 47000000.0, 47250000.0, 47500000.0, 47750000.0, 48000000.0, 48250000.0, 48500000.0, 48750000.0, 49000000.0, 49250000.0, 49500000.0, 49750000.0, 50000000.0]

number of circles fewer than each of those sample points:
[880984940, 893283430, 905626760, 918022563, 930458784, 942937639, 955471354, 968051269, 980678793, 993352867, 1006079553, 1018859311, 1031673965, 1044533011, 1057451109, 1070402115, 1083400592, 1096447188, 1109544322, 1122682438, 1135864578, 1149093034, 1162364428, 1175677351, 1189036025, 1202438294, 1215878876, 1229371301, 1242912786, 1256486396, 1270109822, 1283770244, 1297462777, 1311204740, 1324981647, 1338810835, 1352691017, 1366605158, 1380552562, 1394539732, 1408565437, 1422633363, 1436741401, 1450900860, 1465091254, 1479319618, 1493596089, 1507907475, 1522260987, 1536650897, 1551082230, 1565557607, 1580072553, 1594622365, 1609212849, 1623835716, 1638501623, 1653204777, 1667945484, 1682708436, 1697511270, 1712370918, 1727256700, 1742181584, 1757139080, 1772141062, 1787168690, 1802241560, 1817345429, 1832489545, 1847665449, 1862886623, 1878137266, 1893428646, 1908754139, 1924124207, 1939525818, 1954958661, 1970425517, 1985922213, 2001462030, 2017027966, 2032640789, 2048291878, 2063970797, 2079669081, 2095412088, 2111188486, 2127000124, 2142850693, 2158740345, 2174660451, 2190617351, 2206601497, 2222612450, 2238661054, 2254739036, 2270849777, 2287005521, 2303186406]

[33mBuilt regression model![0m
Model info:
	r^2:		0.9999999988666496
	p-value:	0
	intercept:	-3.3790728927518785
	slope:	1.4066608138366978
Fractal dimension: 1.4066608138366978
