[33mCounting circles[0m
9%		2m 5.416054340000002s remaining
18%		1m 3.4144383670000025s remaining
27%		41.895000333s remaining
36%		30.367291318s remaining
45%		22.756384719s remaining
55%		17.082992884s remaining
64%		12.534727218s remaining
73%		8.73320342s remaining
82%		5.469155994s remaining
91%		2.5974847199999997s remaining

Took 27.428416899s to count circles

[33mDone counting circles![0m
sample points:
[2525000.0, 2550000.0, 2575000.0, 2600000.0, 2625000.0, 2650000.0, 2675000.0, 2700000.0, 2725000.0, 2750000.0, 2775000.0, 2800000.0, 2825000.0, 2850000.0, 2875000.0, 2900000.0, 2925000.0, 2950000.0, 2975000.0, 3000000.0, 3025000.0, 3050000.0, 3075000.0, 3100000.0, 3125000.0, 3150000.0, 3175000.0, 3200000.0, 3225000.0, 3250000.0, 3275000.0, 3300000.0, 3325000.0, 3350000.0, 3375000.0, 3400000.0, 3425000.0, 3450000.0, 3475000.0, 3500000.0, 3525000.0, 3550000.0, 3575000.0, 3600000.0, 3625000.0, 3650000.0, 3675000.0, 3700000.0, 3725000.0, 3750000.0, 3775000.0, 3800000.0, 3825000.0, 3850000.0, 3875000.0, 3900000.0, 3925000.0, 3950000.0, 3975000.0, 4000000.0, 4025000.0, 4050000.0, 4075000.0, 4100000.0, 4125000.0, 4150000.0, 4175000.0, 4200000.0, 4225000.0, 4250000.0, 4275000.0, 4300000.0, 4325000.0, 4350000.0, 4375000.0, 4400000.0, 4425000.0, 4450000.0, 4475000.0, 4500000.0, 4525000.0, 4550000.0, 4575000.0, 4600000.0, 4625000.0, 4650000.0, 4675000.0, 4700000.0, 4725000.0, 4750000.0, 4775000.0, 4800000.0, 4825000.0, 4850000.0, 4875000.0, 4900000.0, 4925000.0, 4950000.0, 4975000.0, 5000000.0]

number of circles fewer than each of those sample points:
[9195000, 9315882, 9437271, 9558402, 9680219, 9803589, 9925910, 10049709, 10173511, 10297607, 10421990, 10546822, 10671531, 10797628, 10923510, 11049013, 11175626, 11302651, 11430495, 11558325, 11685755, 11814735, 11943433, 12072432, 12202052, 12331904, 12461854, 12591477, 12722420, 12853511, 12984586, 13115626, 13248063, 13380817, 13512748, 13647019, 13780510, 13914499, 14048664, 14183202, 14318198, 14452964, 14588197, 14724141, 14859311, 14995679, 15132736, 15269651, 15406469, 15544382, 15682355, 15820155, 15958684, 16096677, 16234803, 16374025, 16514363, 16653856, 16793920, 16934531, 17075123, 17215532, 17356864, 17498009, 17639034, 17781523, 17923917, 18066328, 18209802, 18353419, 18496938, 18639882, 18784447, 18928741, 19073235, 19217966, 19362939, 19508658, 19654378, 19800459, 19947022, 20093308, 20239638, 20386641, 20533545, 20680993, 20828499, 20975475, 21123734, 21272714, 21421129, 21569793, 21719344, 21868326, 22018442, 22169527, 22320773, 22471161, 22621817, 22772486]

[33mBuilt regression model![0m
Model info:
	r^2:		0.9999999739519637
	p-value:	0
	intercept:	-3.5363242520541043
	slope:	1.3275494451026275
Fractal dimension: 1.3275494451026275
