[33mCounting circles[0m
13%		1m 16.186047426000002s remaining
25%		38.906098839s remaining
38%		25.08903944s remaining
50%		17.137231221s remaining
63%		11.533868097s remaining
75%		7.102731625s remaining
88%		3.341923763s remaining

Took 25.476456487s to count circles

[33mDone counting circles![0m
sample points:
[2525000.0, 2550000.0, 2575000.0, 2600000.0, 2625000.0, 2650000.0, 2675000.0, 2700000.0, 2725000.0, 2750000.0, 2775000.0, 2800000.0, 2825000.0, 2850000.0, 2875000.0, 2900000.0, 2925000.0, 2950000.0, 2975000.0, 3000000.0, 3025000.0, 3050000.0, 3075000.0, 3100000.0, 3125000.0, 3150000.0, 3175000.0, 3200000.0, 3225000.0, 3250000.0, 3275000.0, 3300000.0, 3325000.0, 3350000.0, 3375000.0, 3400000.0, 3425000.0, 3450000.0, 3475000.0, 3500000.0, 3525000.0, 3550000.0, 3575000.0, 3600000.0, 3625000.0, 3650000.0, 3675000.0, 3700000.0, 3725000.0, 3750000.0, 3775000.0, 3800000.0, 3825000.0, 3850000.0, 3875000.0, 3900000.0, 3925000.0, 3950000.0, 3975000.0, 4000000.0, 4025000.0, 4050000.0, 4075000.0, 4100000.0, 4125000.0, 4150000.0, 4175000.0, 4200000.0, 4225000.0, 4250000.0, 4275000.0, 4300000.0, 4325000.0, 4350000.0, 4375000.0, 4400000.0, 4425000.0, 4450000.0, 4475000.0, 4500000.0, 4525000.0, 4550000.0, 4575000.0, 4600000.0, 4625000.0, 4650000.0, 4675000.0, 4700000.0, 4725000.0, 4750000.0, 4775000.0, 4800000.0, 4825000.0, 4850000.0, 4875000.0, 4900000.0, 4925000.0, 4950000.0, 4975000.0, 5000000.0]

number of circles fewer than each of those sample points:
[11864515, 12021356, 12180026, 12338037, 12496962, 12656305, 12816071, 12976059, 13136505, 13297482, 13459022, 13620774, 13783214, 13946465, 14110313, 14274803, 14438898, 14604232, 14769987, 14935493, 15102149, 15269191, 15436546, 15604102, 15772829, 15941432, 16110010, 16279666, 16449973, 16620368, 16791254, 16962584, 17134378, 17306811, 17480172, 17653035, 17826734, 18000931, 18175315, 18350108, 18525441, 18700745, 18876964, 19053254, 19230535, 19407948, 19586039, 19764321, 19942348, 20121243, 20301026, 20481140, 20661421, 20841488, 21022340, 21203610, 21385131, 21567634, 21749737, 21933421, 22116156, 22299421, 22483530, 22668948, 22853024, 23038035, 23223189, 23408589, 23595914, 23782078, 23968481, 24155807, 24343720, 24531828, 24720557, 24909336, 25098390, 25288813, 25477974, 25668434, 25858383, 26049539, 26241146, 26432678, 26625026, 26817245, 27009865, 27202345, 27395979, 27589079, 27783745, 27978515, 28173399, 28368046, 28564180, 28760066, 28956110, 29152545, 29349466, 29547681]

[33mBuilt regression model![0m
Model info:
	r^2:		0.9999999904836941
	p-value:	0
	intercept:	-3.3982603709588197
	slope:	1.3354817119076765
Fractal dimension: 1.3354817119076765
