[33mCounting circles[0m
14%		1m 2.7639718849999966s remaining
29%		32.48117585s remaining
43%		20.687304989s remaining
57%		13.5238968s remaining
71%		8.221831296s remaining
86%		3.847872812s remaining

Took 25.624883328s to count circles

[33mDone counting circles![0m
sample points:
[2525000.0, 2550000.0, 2575000.0, 2600000.0, 2625000.0, 2650000.0, 2675000.0, 2700000.0, 2725000.0, 2750000.0, 2775000.0, 2800000.0, 2825000.0, 2850000.0, 2875000.0, 2900000.0, 2925000.0, 2950000.0, 2975000.0, 3000000.0, 3025000.0, 3050000.0, 3075000.0, 3100000.0, 3125000.0, 3150000.0, 3175000.0, 3200000.0, 3225000.0, 3250000.0, 3275000.0, 3300000.0, 3325000.0, 3350000.0, 3375000.0, 3400000.0, 3425000.0, 3450000.0, 3475000.0, 3500000.0, 3525000.0, 3550000.0, 3575000.0, 3600000.0, 3625000.0, 3650000.0, 3675000.0, 3700000.0, 3725000.0, 3750000.0, 3775000.0, 3800000.0, 3825000.0, 3850000.0, 3875000.0, 3900000.0, 3925000.0, 3950000.0, 3975000.0, 4000000.0, 4025000.0, 4050000.0, 4075000.0, 4100000.0, 4125000.0, 4150000.0, 4175000.0, 4200000.0, 4225000.0, 4250000.0, 4275000.0, 4300000.0, 4325000.0, 4350000.0, 4375000.0, 4400000.0, 4425000.0, 4450000.0, 4475000.0, 4500000.0, 4525000.0, 4550000.0, 4575000.0, 4600000.0, 4625000.0, 4650000.0, 4675000.0, 4700000.0, 4725000.0, 4750000.0, 4775000.0, 4800000.0, 4825000.0, 4850000.0, 4875000.0, 4900000.0, 4925000.0, 4950000.0, 4975000.0, 5000000.0]

number of circles fewer than each of those sample points:
[13748880, 13931394, 14114184, 14298712, 14482659, 14667562, 14852615, 15037918, 15224273, 15412024, 15600702, 15788856, 15978199, 16167121, 16357427, 16547787, 16739476, 16931471, 17123696, 17315709, 17509309, 17703262, 17897600, 18092881, 18289031, 18484872, 18681664, 18878801, 19077133, 19274687, 19472873, 19671757, 19871187, 20072608, 20273773, 20474419, 20675607, 20877204, 21080306, 21282976, 21486611, 21690346, 21895062, 22100261, 22305807, 22511439, 22718829, 22925488, 23132968, 23341747, 23549966, 23758703, 23967392, 24177359, 24387477, 24598662, 24810198, 25021787, 25234323, 25447064, 25659264, 25872967, 26086949, 26301273, 26516599, 26731887, 26947315, 27163843, 27379584, 27597138, 27814465, 28031794, 28249884, 28468211, 28688063, 28908346, 29128537, 29349446, 29570040, 29790608, 30013059, 30235258, 30458189, 30680952, 30904764, 31128494, 31352264, 31576599, 31801312, 32026427, 32252723, 32478956, 32704676, 32931976, 33160026, 33386588, 33614385, 33843434, 34073402, 34302141]

[33mBuilt regression model![0m
Model info:
	r^2:		0.9999999882290961
	p-value:	0
	intercept:	-3.2903540036561303
	slope:	1.3381609177726845
Fractal dimension: 1.3381609177726845
