[33mCounting circles[0m
10%		1m 48.039186791999995s remaining
20%		54.638138344s remaining
30%		35.847936639s remaining
40%		25.618307884s remaining
50%		18.775575644s remaining
60%		13.614248891999999s remaining
70%		9.430221586s remaining
80%		5.886437153s remaining
90%		2.788028187s remaining

Took 26.683700214s to count circles

[33mDone counting circles![0m
sample points:
[2525000.0, 2550000.0, 2575000.0, 2600000.0, 2625000.0, 2650000.0, 2675000.0, 2700000.0, 2725000.0, 2750000.0, 2775000.0, 2800000.0, 2825000.0, 2850000.0, 2875000.0, 2900000.0, 2925000.0, 2950000.0, 2975000.0, 3000000.0, 3025000.0, 3050000.0, 3075000.0, 3100000.0, 3125000.0, 3150000.0, 3175000.0, 3200000.0, 3225000.0, 3250000.0, 3275000.0, 3300000.0, 3325000.0, 3350000.0, 3375000.0, 3400000.0, 3425000.0, 3450000.0, 3475000.0, 3500000.0, 3525000.0, 3550000.0, 3575000.0, 3600000.0, 3625000.0, 3650000.0, 3675000.0, 3700000.0, 3725000.0, 3750000.0, 3775000.0, 3800000.0, 3825000.0, 3850000.0, 3875000.0, 3900000.0, 3925000.0, 3950000.0, 3975000.0, 4000000.0, 4025000.0, 4050000.0, 4075000.0, 4100000.0, 4125000.0, 4150000.0, 4175000.0, 4200000.0, 4225000.0, 4250000.0, 4275000.0, 4300000.0, 4325000.0, 4350000.0, 4375000.0, 4400000.0, 4425000.0, 4450000.0, 4475000.0, 4500000.0, 4525000.0, 4550000.0, 4575000.0, 4600000.0, 4625000.0, 4650000.0, 4675000.0, 4700000.0, 4725000.0, 4750000.0, 4775000.0, 4800000.0, 4825000.0, 4850000.0, 4875000.0, 4900000.0, 4925000.0, 4950000.0, 4975000.0, 5000000.0]

number of circles fewer than each of those sample points:
[9802924, 9932730, 10062300, 10192673, 10323433, 10454563, 10586130, 10718013, 10850797, 10983555, 11116174, 11249330, 11382950, 11516762, 11651725, 11786292, 11922013, 12057971, 12194104, 12329825, 12466664, 12603627, 12741829, 12879853, 13017599, 13155981, 13294827, 13434121, 13573676, 13714198, 13854221, 13995332, 14137023, 14279171, 14421551, 14563959, 14706782, 14849495, 14992530, 15136240, 15279764, 15423914, 15568861, 15713929, 15859052, 16004463, 16150513, 16296423, 16442899, 16590386, 16737507, 16885411, 17033147, 17182186, 17330738, 17479576, 17628623, 17777687, 17927499, 18077700, 18227791, 18377691, 18528467, 18680208, 18832178, 18984062, 19136340, 19289075, 19442065, 19595686, 19748696, 19903013, 20056623, 20210890, 20365370, 20519940, 20675374, 20830371, 20985459, 21141591, 21297706, 21454665, 21612084, 21769050, 21926889, 22084469, 22242561, 22401129, 22559723, 22717908, 22877340, 23036965, 23197389, 23356918, 23517647, 23678127, 23838663, 23999806, 24161219, 24322913]

[33mBuilt regression model![0m
Model info:
	r^2:		0.9999999786348255
	p-value:	0
	intercept:	-3.5077310175564023
	slope:	1.3299659812531195
Fractal dimension: 1.3299659812531195
