[33mCounting circles[0m
11%		1m 31.249310335999994s remaining
22%		46.276234662s remaining
33%		30.119275506s remaining
44%		21.128760502s remaining
56%		14.990239000999999s remaining
67%		10.275216356s remaining
78%		6.381906758s remaining
89%		3.014195655s remaining

Took 25.9026565s to count circles

[33mDone counting circles![0m
sample points:
[2525000.0, 2550000.0, 2575000.0, 2600000.0, 2625000.0, 2650000.0, 2675000.0, 2700000.0, 2725000.0, 2750000.0, 2775000.0, 2800000.0, 2825000.0, 2850000.0, 2875000.0, 2900000.0, 2925000.0, 2950000.0, 2975000.0, 3000000.0, 3025000.0, 3050000.0, 3075000.0, 3100000.0, 3125000.0, 3150000.0, 3175000.0, 3200000.0, 3225000.0, 3250000.0, 3275000.0, 3300000.0, 3325000.0, 3350000.0, 3375000.0, 3400000.0, 3425000.0, 3450000.0, 3475000.0, 3500000.0, 3525000.0, 3550000.0, 3575000.0, 3600000.0, 3625000.0, 3650000.0, 3675000.0, 3700000.0, 3725000.0, 3750000.0, 3775000.0, 3800000.0, 3825000.0, 3850000.0, 3875000.0, 3900000.0, 3925000.0, 3950000.0, 3975000.0, 4000000.0, 4025000.0, 4050000.0, 4075000.0, 4100000.0, 4125000.0, 4150000.0, 4175000.0, 4200000.0, 4225000.0, 4250000.0, 4275000.0, 4300000.0, 4325000.0, 4350000.0, 4375000.0, 4400000.0, 4425000.0, 4450000.0, 4475000.0, 4500000.0, 4525000.0, 4550000.0, 4575000.0, 4600000.0, 4625000.0, 4650000.0, 4675000.0, 4700000.0, 4725000.0, 4750000.0, 4775000.0, 4800000.0, 4825000.0, 4850000.0, 4875000.0, 4900000.0, 4925000.0, 4950000.0, 4975000.0, 5000000.0]

number of circles fewer than each of those sample points:
[10645851, 10786928, 10928079, 11070033, 11211588, 11353875, 11496427, 11639855, 11783770, 11928398, 12072493, 12217763, 12363588, 12509808, 12656077, 12803003, 12950929, 13099009, 13246756, 13395320, 13544256, 13693252, 13842777, 13993420, 14143657, 14295464, 14446692, 14599234, 14751461, 14903895, 15056755, 15209836, 15363825, 15518082, 15672418, 15826902, 15982018, 16138045, 16293328, 16450013, 16606699, 16763921, 16921444, 17079485, 17237457, 17396274, 17555465, 17714451, 17873924, 18033626, 18193819, 18354217, 18516087, 18676618, 18838216, 18999880, 19162552, 19325177, 19488905, 19651939, 19815994, 19980157, 20144381, 20309811, 20474763, 20640203, 20805719, 20971818, 21138292, 21305618, 21472580, 21639863, 21807993, 21976313, 22145127, 22314151, 22483194, 22652682, 22822611, 22992608, 23162541, 23333591, 23503892, 23675505, 23847530, 24019679, 24191546, 24363638, 24536892, 24710573, 24883593, 25057051, 25230817, 25404462, 25578948, 25754583, 25930100, 26105632, 26281691, 26457722]

[33mBuilt regression model![0m
Model info:
	r^2:		0.9999999785753259
	p-value:	0
	intercept:	-3.4621103143390606
	slope:	1.3324626833476887
Fractal dimension: 1.3324626833476887
