[33mCounting circles[0m
17%		50.92522047s remaining
33%		27.030599016s remaining
50%		16.838620659s remaining
67%		10.078273153s remaining
83%		4.696293924s remaining

Took 26.809323001s to count circles

[33mDone counting circles![0m
sample points:
[2525000.0, 2550000.0, 2575000.0, 2600000.0, 2625000.0, 2650000.0, 2675000.0, 2700000.0, 2725000.0, 2750000.0, 2775000.0, 2800000.0, 2825000.0, 2850000.0, 2875000.0, 2900000.0, 2925000.0, 2950000.0, 2975000.0, 3000000.0, 3025000.0, 3050000.0, 3075000.0, 3100000.0, 3125000.0, 3150000.0, 3175000.0, 3200000.0, 3225000.0, 3250000.0, 3275000.0, 3300000.0, 3325000.0, 3350000.0, 3375000.0, 3400000.0, 3425000.0, 3450000.0, 3475000.0, 3500000.0, 3525000.0, 3550000.0, 3575000.0, 3600000.0, 3625000.0, 3650000.0, 3675000.0, 3700000.0, 3725000.0, 3750000.0, 3775000.0, 3800000.0, 3825000.0, 3850000.0, 3875000.0, 3900000.0, 3925000.0, 3950000.0, 3975000.0, 4000000.0, 4025000.0, 4050000.0, 4075000.0, 4100000.0, 4125000.0, 4150000.0, 4175000.0, 4200000.0, 4225000.0, 4250000.0, 4275000.0, 4300000.0, 4325000.0, 4350000.0, 4375000.0, 4400000.0, 4425000.0, 4450000.0, 4475000.0, 4500000.0, 4525000.0, 4550000.0, 4575000.0, 4600000.0, 4625000.0, 4650000.0, 4675000.0, 4700000.0, 4725000.0, 4750000.0, 4775000.0, 4800000.0, 4825000.0, 4850000.0, 4875000.0, 4900000.0, 4925000.0, 4950000.0, 4975000.0, 5000000.0]

number of circles fewer than each of those sample points:
[16930231, 17154941, 17380154, 17606228, 17833543, 18061457, 18289670, 18519813, 18750178, 18981037, 19212718, 19445200, 19677256, 19911333, 20144883, 20380515, 20616550, 20852750, 21090600, 21329042, 21566607, 21805526, 22045323, 22286055, 22527231, 22769249, 23012214, 23255442, 23499193, 23742982, 23987338, 24232883, 24478183, 24725656, 24973109, 25221550, 25470094, 25719260, 25969329, 26220186, 26470587, 26722697, 26975382, 27228278, 27481943, 27736101, 27990808, 28245673, 28501214, 28758689, 29015804, 29273421, 29531637, 29790593, 30050787, 30310437, 30570757, 30831475, 31093856, 31356152, 31618782, 31881810, 32146196, 32410962, 32675872, 32941721, 33208522, 33474725, 33741841, 34010071, 34278532, 34547499, 34816766, 35085825, 35356306, 35627212, 35898521, 36169194, 36441576, 36714355, 36987401, 37261550, 37536416, 37811642, 38086475, 38363027, 38640018, 38917856, 39195713, 39473708, 39752896, 40032358, 40312035, 40592430, 40872781, 41153224, 41435136, 41716565, 41999159, 42282789]

[33mBuilt regression model![0m
Model info:
	r^2:		0.9999999900617704
	p-value:	0
	intercept:	-3.1047413941126507
	slope:	1.3396872642963957
Fractal dimension: 1.3396872642963957
