[33mCounting circles[0m
20%		39.504400156s remaining
40%		22.20019444s remaining
60%		13.1744719s remaining
80%		6.174328594s remaining

Took 29.622312605s to count circles

[33mDone counting circles![0m
sample points:
[2525000.0, 2550000.0, 2575000.0, 2600000.0, 2625000.0, 2650000.0, 2675000.0, 2700000.0, 2725000.0, 2750000.0, 2775000.0, 2800000.0, 2825000.0, 2850000.0, 2875000.0, 2900000.0, 2925000.0, 2950000.0, 2975000.0, 3000000.0, 3025000.0, 3050000.0, 3075000.0, 3100000.0, 3125000.0, 3150000.0, 3175000.0, 3200000.0, 3225000.0, 3250000.0, 3275000.0, 3300000.0, 3325000.0, 3350000.0, 3375000.0, 3400000.0, 3425000.0, 3450000.0, 3475000.0, 3500000.0, 3525000.0, 3550000.0, 3575000.0, 3600000.0, 3625000.0, 3650000.0, 3675000.0, 3700000.0, 3725000.0, 3750000.0, 3775000.0, 3800000.0, 3825000.0, 3850000.0, 3875000.0, 3900000.0, 3925000.0, 3950000.0, 3975000.0, 4000000.0, 4025000.0, 4050000.0, 4075000.0, 4100000.0, 4125000.0, 4150000.0, 4175000.0, 4200000.0, 4225000.0, 4250000.0, 4275000.0, 4300000.0, 4325000.0, 4350000.0, 4375000.0, 4400000.0, 4425000.0, 4450000.0, 4475000.0, 4500000.0, 4525000.0, 4550000.0, 4575000.0, 4600000.0, 4625000.0, 4650000.0, 4675000.0, 4700000.0, 4725000.0, 4750000.0, 4775000.0, 4800000.0, 4825000.0, 4850000.0, 4875000.0, 4900000.0, 4925000.0, 4950000.0, 4975000.0, 5000000.0]

number of circles fewer than each of those sample points:
[23017721, 23322172, 23628068, 23935876, 24244275, 24552714, 24864814, 25176604, 25488815, 25802224, 26115262, 26431332, 26747242, 27063810, 27381728, 27701116, 28020943, 28340716, 28662463, 28983100, 29305974, 29628948, 29953633, 30278798, 30604856, 30932532, 31259604, 31588398, 31916881, 32248884, 32580220, 32914210, 33246694, 33580472, 33915090, 34251218, 34588045, 34924608, 35262508, 35600558, 35939773, 36280892, 36621586, 36966032, 37307892, 37652098, 37997461, 38344072, 38690839, 39039962, 39387904, 39736914, 40087229, 40437106, 40788989, 41139770, 41493280, 41845002, 42199992, 42556110, 42910702, 43266120, 43622867, 43980112, 44339578, 44698218, 45060682, 45421778, 45783220, 46143307, 46506945, 46869180, 47232880, 47596744, 47962101, 48328120, 48694199, 49060850, 49428432, 49797888, 50165287, 50534880, 50904431, 51275190, 51649342, 52022350, 52396705, 52772246, 53146689, 53522168, 53899041, 54277870, 54657151, 55036302, 55414588, 55794174, 56175501, 56557974, 56939087, 57321940]

[33mBuilt regression model![0m
Model info:
	r^2:		0.9999999102347007
	p-value:	0
	intercept:	-2.731491645187667
	slope:	1.3352184396919573
Fractal dimension: 1.3352184396919573
