[33mCounting circles[0m
8%		251m 23.086344699999245s remaining
17%		228m 23.302780260000873s remaining
25%		205m 28.97917937300008s remaining
33%		182m 38.94809205599995s remaining
42%		160m 23.368391601999974s remaining
50%		139m 2.6342954770007054s remaining
58%		116m 35.750386106000406s remaining
67%		93m 18.06190751699978s remaining
75%		69m 55.8471885580002s remaining
83%		46m 32.06091704900018s remaining
92%		23m 14.0753338909999s remaining

Took 278m 7.054251074001513s to count circles

[33mDone counting circles![0m
sample points:
[50500000.0, 51000000.0, 51500000.0, 52000000.0, 52500000.0, 53000000.0, 53500000.0, 54000000.0, 54500000.0, 55000000.0, 55500000.0, 56000000.0, 56500000.0, 57000000.0, 57500000.0, 58000000.0, 58500000.0, 59000000.0, 59500000.0, 60000000.0, 60500000.0, 61000000.0, 61500000.0, 62000000.0, 62500000.0, 63000000.0, 63500000.0, 64000000.0, 64500000.0, 65000000.0, 65500000.0, 66000000.0, 66500000.0, 67000000.0, 67500000.0, 68000000.0, 68500000.0, 69000000.0, 69500000.0, 70000000.0, 70500000.0, 71000000.0, 71500000.0, 72000000.0, 72500000.0, 73000000.0, 73500000.0, 74000000.0, 74500000.0, 75000000.0, 75500000.0, 76000000.0, 76500000.0, 77000000.0, 77500000.0, 78000000.0, 78500000.0, 79000000.0, 79500000.0, 80000000.0, 80500000.0, 81000000.0, 81500000.0, 82000000.0, 82500000.0, 83000000.0, 83500000.0, 84000000.0, 84500000.0, 85000000.0, 85500000.0, 86000000.0, 86500000.0, 87000000.0, 87500000.0, 88000000.0, 88500000.0, 89000000.0, 89500000.0, 90000000.0, 90500000.0, 91000000.0, 91500000.0, 92000000.0, 92500000.0, 93000000.0, 93500000.0, 94000000.0, 94500000.0, 95000000.0, 95500000.0, 96000000.0, 96500000.0, 97000000.0, 97500000.0, 98000000.0, 98500000.0, 99000000.0, 99500000.0, 100000000.0]

number of circles fewer than each of those sample points:
[6711334409, 6813355065, 6915935025, 7019042516, 7122686141, 7226823326, 7331493910, 7436696876, 7542408315, 7648646427, 7755396370, 7862646691, 7970424925, 8078708285, 8187501268, 8296783894, 8406591676, 8516884645, 8627691455, 8738971141, 8850740171, 8963020779, 9075804804, 9189045624, 9302800039, 9417041727, 9531757007, 9646962837, 9762655830, 9878776498, 9995415099, 10112530237, 10230072163, 10348110052, 10466601198, 10585573314, 10705008190, 10824928241, 10945279021, 11066107246, 11187402166, 11309150373, 11431347526, 11554004555, 11677110293, 11800664805, 11924681761, 12049139785, 12174054539, 12299405072, 12425203689, 12551462542, 12678146086, 12805278184, 12932851350, 13060852891, 13189318402, 13318211205, 13447521691, 13577258304, 13707425186, 13838027213, 13969052288, 14100528483, 14232423025, 14364753746, 14497525944, 14630676392, 14764263461, 14898293051, 15032748300, 15167610029, 15302877286, 15438571768, 15574679536, 15711194972, 15848128546, 15985465114, 16123223464, 16261387565, 16399962063, 16538951874, 16678320863, 16818118318, 16958315274, 17098899023, 17239882087, 17381281732, 17523073278, 17665272866, 17807861150, 17950814687, 18094192609, 18237986525, 18382174345, 18526769443, 18671739029, 18817117044, 18962876123, 19109029441]

[33mBuilt regression model![0m
Model info:
	r^2:		0.999999999925632
	p-value:	0
	intercept:	-4.539112506390822
	slope:	1.5315686203712573
Fractal dimension: 1.5315686203712573
