[33mCounting circles[0m
10%		187m 28.802557569000783s remaining
20%		166m 34.262624024000615s remaining
30%		145m 43.28139106799972s remaining
40%		124m 52.900639567000326s remaining
50%		104m 3.4255211990002863s remaining
60%		83m 15.555745272000422s remaining
70%		62m 27.632784811999954s remaining
80%		41m 38.28549255899998s remaining
90%		20m 49.297842820999904s remaining

Took 208m 15.342252923999695s to count circles

[33mDone counting circles![0m
sample points:
[50500000.0, 51000000.0, 51500000.0, 52000000.0, 52500000.0, 53000000.0, 53500000.0, 54000000.0, 54500000.0, 55000000.0, 55500000.0, 56000000.0, 56500000.0, 57000000.0, 57500000.0, 58000000.0, 58500000.0, 59000000.0, 59500000.0, 60000000.0, 60500000.0, 61000000.0, 61500000.0, 62000000.0, 62500000.0, 63000000.0, 63500000.0, 64000000.0, 64500000.0, 65000000.0, 65500000.0, 66000000.0, 66500000.0, 67000000.0, 67500000.0, 68000000.0, 68500000.0, 69000000.0, 69500000.0, 70000000.0, 70500000.0, 71000000.0, 71500000.0, 72000000.0, 72500000.0, 73000000.0, 73500000.0, 74000000.0, 74500000.0, 75000000.0, 75500000.0, 76000000.0, 76500000.0, 77000000.0, 77500000.0, 78000000.0, 78500000.0, 79000000.0, 79500000.0, 80000000.0, 80500000.0, 81000000.0, 81500000.0, 82000000.0, 82500000.0, 83000000.0, 83500000.0, 84000000.0, 84500000.0, 85000000.0, 85500000.0, 86000000.0, 86500000.0, 87000000.0, 87500000.0, 88000000.0, 88500000.0, 89000000.0, 89500000.0, 90000000.0, 90500000.0, 91000000.0, 91500000.0, 92000000.0, 92500000.0, 93000000.0, 93500000.0, 94000000.0, 94500000.0, 95000000.0, 95500000.0, 96000000.0, 96500000.0, 97000000.0, 97500000.0, 98000000.0, 98500000.0, 99000000.0, 99500000.0, 100000000.0]

number of circles fewer than each of those sample points:
[5915287318, 6004144693, 6093429272, 6183151946, 6273334214, 6363965676, 6455053675, 6546570464, 6638531297, 6730917835, 6823731361, 6916983497, 7010645847, 7104737653, 7199256992, 7294211193, 7389601883, 7485382990, 7581585277, 7678206212, 7775242402, 7872674809, 7970538394, 8068779629, 8167430843, 8266511759, 8365981186, 8465859226, 8566153449, 8666820735, 8767917937, 8869390089, 8971260498, 9073529714, 9176180163, 9279238873, 9382677110, 9486521567, 9590729832, 9695332036, 9800321831, 9905711165, 10011471922, 10117603376, 10224104590, 10330992712, 10438262397, 10545911901, 10653918368, 10762288823, 10871051880, 10980184502, 11089687412, 11199561689, 11309795320, 11420411363, 11531376831, 11642726832, 11754417471, 11866476320, 11978869099, 12091621887, 12204737475, 12318197476, 12432029557, 12546218754, 12660760098, 12775668879, 12890908001, 13006513159, 13122475271, 13238792132, 13355442716, 13472440905, 13589791567, 13707510229, 13825530318, 13943904905, 14062597703, 14181643995, 14301054639, 14420788702, 14540853965, 14661253748, 14781996396, 14903085685, 15024497602, 15146232112, 15268313504, 15390721350, 15513449985, 15636503633, 15759882973, 15883611202, 16007657448, 16132064616, 16256789178, 16381842408, 16507203529, 16632887565]

[33mBuilt regression model![0m
Model info:
	r^2:		0.9999999999196819
	p-value:	0
	intercept:	-4.340312256734414
	slope:	1.5132427373402981
Fractal dimension: 1.5132427373402981
