[33mCounting circles[0m
17%		42m 4.4708282299998245s remaining
33%		33m 40.189043657999946s remaining
50%		25m 15.385059470999977s remaining
67%		16m 50.24947088900001s remaining
83%		8m 25.089722290999987s remaining

Took 50m 30.39321083699997s to count circles

[33mDone counting circles![0m
sample points:
[50500000.0, 51000000.0, 51500000.0, 52000000.0, 52500000.0, 53000000.0, 53500000.0, 54000000.0, 54500000.0, 55000000.0, 55500000.0, 56000000.0, 56500000.0, 57000000.0, 57500000.0, 58000000.0, 58500000.0, 59000000.0, 59500000.0, 60000000.0, 60500000.0, 61000000.0, 61500000.0, 62000000.0, 62500000.0, 63000000.0, 63500000.0, 64000000.0, 64500000.0, 65000000.0, 65500000.0, 66000000.0, 66500000.0, 67000000.0, 67500000.0, 68000000.0, 68500000.0, 69000000.0, 69500000.0, 70000000.0, 70500000.0, 71000000.0, 71500000.0, 72000000.0, 72500000.0, 73000000.0, 73500000.0, 74000000.0, 74500000.0, 75000000.0, 75500000.0, 76000000.0, 76500000.0, 77000000.0, 77500000.0, 78000000.0, 78500000.0, 79000000.0, 79500000.0, 80000000.0, 80500000.0, 81000000.0, 81500000.0, 82000000.0, 82500000.0, 83000000.0, 83500000.0, 84000000.0, 84500000.0, 85000000.0, 85500000.0, 86000000.0, 86500000.0, 87000000.0, 87500000.0, 88000000.0, 88500000.0, 89000000.0, 89500000.0, 90000000.0, 90500000.0, 91000000.0, 91500000.0, 92000000.0, 92500000.0, 93000000.0, 93500000.0, 94000000.0, 94500000.0, 95000000.0, 95500000.0, 96000000.0, 96500000.0, 97000000.0, 97500000.0, 98000000.0, 98500000.0, 99000000.0, 99500000.0, 100000000.0]

number of circles fewer than each of those sample points:
[2335651315, 2368253091, 2400963737, 2433799330, 2466768927, 2499874114, 2533103618, 2566461804, 2599953841, 2633568375, 2667309735, 2701179978, 2735183950, 2769301600, 2803535618, 2837891175, 2872368228, 2906960611, 2941658210, 2976491867, 3011461045, 3046521213, 3081706689, 3117012826, 3152424654, 3187947432, 3223588726, 3259362834, 3295227567, 3331226348, 3367324335, 3403535026, 3439849329, 3476287873, 3512829446, 3549499389, 3586265591, 3623136927, 3660097313, 3697196930, 3734406289, 3771697996, 3809107272, 3846631562, 3884243967, 3921971853, 3959823146, 3997774892, 4035841924, 4073994205, 4112256725, 4150610177, 4189060911, 4227630145, 4266319063, 4305112937, 4343966865, 4382941969, 4422009463, 4461186298, 4500464402, 4539834065, 4579296833, 4618872297, 4658538784, 4698307588, 4738148124, 4778112384, 4818165833, 4858315871, 4898584667, 4938925571, 4979368432, 5019894109, 5060536015, 5101241894, 5142061781, 5182963079, 5223964856, 5265054460, 5306250392, 5347542109, 5388914731, 5430378435, 5471942371, 5513591087, 5555334808, 5597142896, 5639063521, 5681083823, 5723183620, 5765385038, 5807669059, 5850027685, 5892496731, 5935040732, 5977697055, 6020412065, 6063230595, 6106134834]

[33mBuilt regression model![0m
Model info:
	r^2:		0.9999999995933605
	p-value:	0
	intercept:	-3.3788494250021905
	slope:	1.4066478732545797
Fractal dimension: 1.4066478732545797
