[33mCounting circles[0m
17%		51m 9.816372854999827s remaining
33%		33m 49.631329527999924s remaining
50%		20m 27.778080301000045s remaining
67%		12m 0.36877899700004946s remaining
83%		6m 8.290777545000026s remaining

Took 33m 52.310088939000025s to count circles

[33mDone counting circles![0m
sample points:
[50500000.0, 51000000.0, 51500000.0, 52000000.0, 52500000.0, 53000000.0, 53500000.0, 54000000.0, 54500000.0, 55000000.0, 55500000.0, 56000000.0, 56500000.0, 57000000.0, 57500000.0, 58000000.0, 58500000.0, 59000000.0, 59500000.0, 60000000.0, 60500000.0, 61000000.0, 61500000.0, 62000000.0, 62500000.0, 63000000.0, 63500000.0, 64000000.0, 64500000.0, 65000000.0, 65500000.0, 66000000.0, 66500000.0, 67000000.0, 67500000.0, 68000000.0, 68500000.0, 69000000.0, 69500000.0, 70000000.0, 70500000.0, 71000000.0, 71500000.0, 72000000.0, 72500000.0, 73000000.0, 73500000.0, 74000000.0, 74500000.0, 75000000.0, 75500000.0, 76000000.0, 76500000.0, 77000000.0, 77500000.0, 78000000.0, 78500000.0, 79000000.0, 79500000.0, 80000000.0, 80500000.0, 81000000.0, 81500000.0, 82000000.0, 82500000.0, 83000000.0, 83500000.0, 84000000.0, 84500000.0, 85000000.0, 85500000.0, 86000000.0, 86500000.0, 87000000.0, 87500000.0, 88000000.0, 88500000.0, 89000000.0, 89500000.0, 90000000.0, 90500000.0, 91000000.0, 91500000.0, 92000000.0, 92500000.0, 93000000.0, 93500000.0, 94000000.0, 94500000.0, 95000000.0, 95500000.0, 96000000.0, 96500000.0, 97000000.0, 97500000.0, 98000000.0, 98500000.0, 99000000.0, 99500000.0, 100000000.0]

number of circles fewer than each of those sample points:
[1089188931, 1103493493, 1117839946, 1132238249, 1146687623, 1161170121, 1175700507, 1190268791, 1204885185, 1219542571, 1234244120, 1248987762, 1263774830, 1278601560, 1293472008, 1308379355, 1323341803, 1338340218, 1353383617, 1368464625, 1383587746, 1398749989, 1413946083, 1429190972, 1444473585, 1459796928, 1475157114, 1490561372, 1506002727, 1521481769, 1536996969, 1552552135, 1568149348, 1583779023, 1599446360, 1615150348, 1630895552, 1646674856, 1662501958, 1678357216, 1694257255, 1710189674, 1726163071, 1742169628, 1758215080, 1774291421, 1790401062, 1806555977, 1822738421, 1838952776, 1855203743, 1871485567, 1887803176, 1904155297, 1920551202, 1936978733, 1953432619, 1969929962, 1986460221, 2003026844, 2019627948, 2036254261, 2052916246, 2069605280, 2086332510, 2103089182, 2119876787, 2136708267, 2153569442, 2170456591, 2187378605, 2204330463, 2221318838, 2238333579, 2255383674, 2272470979, 2289585072, 2306734599, 2323914330, 2341115740, 2358357339, 2375622356, 2392919594, 2410245516, 2427605489, 2444995589, 2462416900, 2479863751, 2497346804, 2514857442, 2532399470, 2549970757, 2567571622, 2585205844, 2602870959, 2620562660, 2638278385, 2656035741, 2673814631, 2691619644]

[33mBuilt regression model![0m
Model info:
	r^2:		0.9999999994870987
	p-value:	0
	intercept:	-2.6798980259627214
	slope:	1.3242350081784096
Fractal dimension: 1.3242350081784096
