[33mCounting circles[0m
17%		23m 19.924120679999987s remaining
33%		18m 40.43256839800006s remaining
50%		11m 40.403706083999964s remaining
67%		8m 15.171629885000016s remaining
83%		3m 46.043503285000014s remaining

Took 23m 40.047734581999975s to count circles

[33mDone counting circles![0m
sample points:
[50500000.0, 51000000.0, 51500000.0, 52000000.0, 52500000.0, 53000000.0, 53500000.0, 54000000.0, 54500000.0, 55000000.0, 55500000.0, 56000000.0, 56500000.0, 57000000.0, 57500000.0, 58000000.0, 58500000.0, 59000000.0, 59500000.0, 60000000.0, 60500000.0, 61000000.0, 61500000.0, 62000000.0, 62500000.0, 63000000.0, 63500000.0, 64000000.0, 64500000.0, 65000000.0, 65500000.0, 66000000.0, 66500000.0, 67000000.0, 67500000.0, 68000000.0, 68500000.0, 69000000.0, 69500000.0, 70000000.0, 70500000.0, 71000000.0, 71500000.0, 72000000.0, 72500000.0, 73000000.0, 73500000.0, 74000000.0, 74500000.0, 75000000.0, 75500000.0, 76000000.0, 76500000.0, 77000000.0, 77500000.0, 78000000.0, 78500000.0, 79000000.0, 79500000.0, 80000000.0, 80500000.0, 81000000.0, 81500000.0, 82000000.0, 82500000.0, 83000000.0, 83500000.0, 84000000.0, 84500000.0, 85000000.0, 85500000.0, 86000000.0, 86500000.0, 87000000.0, 87500000.0, 88000000.0, 88500000.0, 89000000.0, 89500000.0, 90000000.0, 90500000.0, 91000000.0, 91500000.0, 92000000.0, 92500000.0, 93000000.0, 93500000.0, 94000000.0, 94500000.0, 95000000.0, 95500000.0, 96000000.0, 96500000.0, 97000000.0, 97500000.0, 98000000.0, 98500000.0, 99000000.0, 99500000.0, 100000000.0]

number of circles fewer than each of those sample points:
[756065133, 766092170, 776164828, 786258816, 796391520, 806556969, 816764381, 826992450, 837256711, 847559703, 857890402, 868247948, 878637643, 889055457, 899505336, 909990270, 920500902, 931038747, 941612616, 952215998, 962851292, 973507950, 984206697, 994922976, 1005676795, 1016459455, 1027266768, 1038103581, 1048964238, 1059865990, 1070796677, 1081754327, 1092734785, 1103738718, 1114775133, 1125846928, 1136932220, 1148051725, 1159197184, 1170375529, 1181570440, 1192801360, 1204057056, 1215338322, 1226640915, 1237976721, 1249337248, 1260719312, 1272132047, 1283569310, 1295033612, 1306522342, 1318040494, 1329573263, 1341133124, 1352730604, 1364348571, 1375994701, 1387664859, 1399367904, 1411080176, 1422823091, 1434582089, 1446373920, 1458185516, 1470028756, 1481884854, 1493778912, 1505689619, 1517623035, 1529581731, 1541566857, 1553574997, 1565603461, 1577650125, 1589722905, 1601830280, 1613964911, 1626110028, 1638268654, 1650460212, 1662678196, 1674908674, 1687163552, 1699447472, 1711749916, 1724077301, 1736421068, 1748789705, 1761188012, 1773592469, 1786037387, 1798491086, 1810973436, 1823479113, 1836009480, 1848550260, 1861122712, 1873713213, 1886322212]

[33mBuilt regression model![0m
Model info:
	r^2:		0.9999999995822884
	p-value:	0
	intercept:	-3.292864011658395
	slope:	1.3382110621381005
Fractal dimension: 1.3382110621381005
