[33mCounting circles[0m
8%		319m 5.6025375009994605s remaining
17%		290m 58.49788425999941s remaining
25%		261m 32.89171111699943s remaining
33%		232m 20.31746383599966s remaining
42%		203m 12.021691817000828s remaining
50%		174m 7.215048258000024s remaining
58%		145m 4.307906632000595s remaining
67%		116m 2.487608661000195s remaining
75%		87m 1.2609327250002025s remaining
83%		58m 0.5265065039998262s remaining
92%		29m 0.2981485170000724s remaining

Took 348m 4.225711586001125s to count circles

[33mDone counting circles![0m
sample points:
[50500000.0, 51000000.0, 51500000.0, 52000000.0, 52500000.0, 53000000.0, 53500000.0, 54000000.0, 54500000.0, 55000000.0, 55500000.0, 56000000.0, 56500000.0, 57000000.0, 57500000.0, 58000000.0, 58500000.0, 59000000.0, 59500000.0, 60000000.0, 60500000.0, 61000000.0, 61500000.0, 62000000.0, 62500000.0, 63000000.0, 63500000.0, 64000000.0, 64500000.0, 65000000.0, 65500000.0, 66000000.0, 66500000.0, 67000000.0, 67500000.0, 68000000.0, 68500000.0, 69000000.0, 69500000.0, 70000000.0, 70500000.0, 71000000.0, 71500000.0, 72000000.0, 72500000.0, 73000000.0, 73500000.0, 74000000.0, 74500000.0, 75000000.0, 75500000.0, 76000000.0, 76500000.0, 77000000.0, 77500000.0, 78000000.0, 78500000.0, 79000000.0, 79500000.0, 80000000.0, 80500000.0, 81000000.0, 81500000.0, 82000000.0, 82500000.0, 83000000.0, 83500000.0, 84000000.0, 84500000.0, 85000000.0, 85500000.0, 86000000.0, 86500000.0, 87000000.0, 87500000.0, 88000000.0, 88500000.0, 89000000.0, 89500000.0, 90000000.0, 90500000.0, 91000000.0, 91500000.0, 92000000.0, 92500000.0, 93000000.0, 93500000.0, 94000000.0, 94500000.0, 95000000.0, 95500000.0, 96000000.0, 96500000.0, 97000000.0, 97500000.0, 98000000.0, 98500000.0, 99000000.0, 99500000.0, 100000000.0]

number of circles fewer than each of those sample points:
[4988678993, 5060639548, 5132907237, 5205510387, 5278427803, 5351662485, 5425200732, 5499066610, 5573229811, 5647707295, 5722500261, 5797595062, 5872992284, 5948690579, 6024683227, 6100986182, 6177583951, 6254469845, 6331661565, 6409150250, 6486930641, 6565014340, 6643364938, 6722017353, 6800973082, 6880219718, 6959742934, 7039538410, 7119613424, 7199982236, 7280632311, 7361565009, 7442779999, 7524261037, 7606003385, 7688031550, 7770352937, 7852921101, 7935775211, 8018898211, 8102285480, 8185939716, 8269866965, 8354074835, 8438526723, 8523258707, 8608237951, 8693490546, 8779007898, 8864780050, 8950831004, 9037145304, 9123710269, 9210519057, 9297585033, 9384899846, 9472483188, 9560315270, 9648403577, 9736752526, 9825326382, 9914140645, 10003222725, 10092553934, 10182128280, 10271953206, 10362003784, 10452320777, 10542876819, 10633671547, 10724714462, 10815994505, 10907530491, 10999303827, 11091303722, 11183543028, 11276039915, 11368772794, 11461733164, 11554920615, 11648337238, 11741987981, 11835870399, 11930007038, 12024373675, 12118957429, 12213772823, 12308804505, 12404081112, 12499577083, 12595324160, 12691304310, 12787488105, 12883919509, 12980572746, 13077437952, 13174529239, 13271839523, 13369370037, 13467137249]

[33mBuilt regression model![0m
Model info:
	r^2:		0.9999999998978663
	p-value:	0
	intercept:	-3.452552245262723
	slope:	1.4535878302150287
Fractal dimension: 1.4535878302150287
