[33mCounting circles[0m
8%		1274m 49.97460779400717s remaining
17%		1151m 8.236378814006457s remaining
25%		1029m 36.26458462399751s remaining
33%		912m 0.2187295140029164s remaining
42%		797m 52.7592176199978s remaining
50%		685m 15.533832793000329s remaining
58%		571m 38.80052330000035s remaining
67%		456m 56.960720849998324s remaining
75%		342m 11.000971927998762s remaining
83%		227m 58.92354046999935s remaining
92%		114m 3.9062446130001263s remaining

Took 1370m 23.05516139899555s to count circles

[33mDone counting circles![0m
sample points:
[202000000.0, 204000000.0, 206000000.0, 208000000.0, 210000000.0, 212000000.0, 214000000.0, 216000000.0, 218000000.0, 220000000.0, 222000000.0, 224000000.0, 226000000.0, 228000000.0, 230000000.0, 232000000.0, 234000000.0, 236000000.0, 238000000.0, 240000000.0, 242000000.0, 244000000.0, 246000000.0, 248000000.0, 250000000.0, 252000000.0, 254000000.0, 256000000.0, 258000000.0, 260000000.0, 262000000.0, 264000000.0, 266000000.0, 268000000.0, 270000000.0, 272000000.0, 274000000.0, 276000000.0, 278000000.0, 280000000.0, 282000000.0, 284000000.0, 286000000.0, 288000000.0, 290000000.0, 292000000.0, 294000000.0, 296000000.0, 298000000.0, 300000000.0, 302000000.0, 304000000.0, 306000000.0, 308000000.0, 310000000.0, 312000000.0, 314000000.0, 316000000.0, 318000000.0, 320000000.0, 322000000.0, 324000000.0, 326000000.0, 328000000.0, 330000000.0, 332000000.0, 334000000.0, 336000000.0, 338000000.0, 340000000.0, 342000000.0, 344000000.0, 346000000.0, 348000000.0, 350000000.0, 352000000.0, 354000000.0, 356000000.0, 358000000.0, 360000000.0, 362000000.0, 364000000.0, 366000000.0, 368000000.0, 370000000.0, 372000000.0, 374000000.0, 376000000.0, 378000000.0, 380000000.0, 382000000.0, 384000000.0, 386000000.0, 388000000.0, 390000000.0, 392000000.0, 394000000.0, 396000000.0, 398000000.0, 400000000.0]

number of circles fewer than each of those sample points:
[20195628189, 20478713145, 20762911094, 21048241225, 21334701511, 21622263387, 21910999059, 22200832607, 22491782175, 22783811072, 23076953502, 23371191556, 23666519639, 23962929369, 24260419023, 24558968677, 24858586192, 25159277358, 25460973189, 25763722776, 26067530927, 26372400233, 26678260881, 26985161005, 27293091209, 27602027510, 27912011943, 28222984574, 28534943137, 28847946191, 29161937504, 29476883007, 29792848170, 30109799368, 30427680920, 30746573923, 31066407497, 31387216787, 31709011694, 32031756436, 32355456065, 32680091153, 33005669607, 33332228839, 33659659788, 33988048575, 34317390627, 34647673048, 34978850118, 35310966170, 35643982674, 35977874124, 36312670547, 36648377398, 36984984670, 37322555646, 37660956584, 38000267509, 38340429294, 38681521690, 39023501322, 39366352645, 39710083818, 40054664320, 40400125278, 40746458218, 41093640664, 41441692275, 41790586218, 42140348071, 42490952909, 42842383707, 43194665286, 43547781238, 43901780839, 44256629445, 44612255944, 44968705646, 45326018087, 45684149165, 46043100373, 46402872522, 46763439915, 47124837796, 47487063436, 47850082208, 48213896032, 48578508689, 48943924988, 49310175107, 49677205234, 50045015847, 50413646873, 50783066562, 51153270061, 51524240453, 51895992874, 52268512844, 52641794591, 53015847584]

[33mBuilt regression model![0m
Model info:
	r^2:		0.9999999999789662
	p-value:	0
	intercept:	-3.2866471120070173
	slope:	1.4126590436591084
Fractal dimension: 1.4126590436591084
