[33mCounting circles[0m
10%		896m 6.703576366999187s remaining
20%		795m 32.507834304000426s remaining
30%		695m 25.32082074000209s remaining
40%		595m 56.89263856800244s remaining
50%		496m 59.781439791000594s remaining
60%		397m 35.12425864800025s remaining
70%		298m 6.346579683999153s remaining
80%		198m 0.42873929499910446s remaining
90%		98m 28.865339154999674s remaining

Took 980m 48.85474559300201s to count circles

[33mDone counting circles![0m
sample points:
[202000000.0, 204000000.0, 206000000.0, 208000000.0, 210000000.0, 212000000.0, 214000000.0, 216000000.0, 218000000.0, 220000000.0, 222000000.0, 224000000.0, 226000000.0, 228000000.0, 230000000.0, 232000000.0, 234000000.0, 236000000.0, 238000000.0, 240000000.0, 242000000.0, 244000000.0, 246000000.0, 248000000.0, 250000000.0, 252000000.0, 254000000.0, 256000000.0, 258000000.0, 260000000.0, 262000000.0, 264000000.0, 266000000.0, 268000000.0, 270000000.0, 272000000.0, 274000000.0, 276000000.0, 278000000.0, 280000000.0, 282000000.0, 284000000.0, 286000000.0, 288000000.0, 290000000.0, 292000000.0, 294000000.0, 296000000.0, 298000000.0, 300000000.0, 302000000.0, 304000000.0, 306000000.0, 308000000.0, 310000000.0, 312000000.0, 314000000.0, 316000000.0, 318000000.0, 320000000.0, 322000000.0, 324000000.0, 326000000.0, 328000000.0, 330000000.0, 332000000.0, 334000000.0, 336000000.0, 338000000.0, 340000000.0, 342000000.0, 344000000.0, 346000000.0, 348000000.0, 350000000.0, 352000000.0, 354000000.0, 356000000.0, 358000000.0, 360000000.0, 362000000.0, 364000000.0, 366000000.0, 368000000.0, 370000000.0, 372000000.0, 374000000.0, 376000000.0, 378000000.0, 380000000.0, 382000000.0, 384000000.0, 386000000.0, 388000000.0, 390000000.0, 392000000.0, 394000000.0, 396000000.0, 398000000.0, 400000000.0]

number of circles fewer than each of those sample points:
[17296793094, 17536976978, 17778095524, 18020156269, 18263174225, 18507116202, 18751954075, 18997701303, 19244387462, 19491979085, 19740489502, 19989879427, 20240140427, 20491316742, 20743402831, 20996325950, 21250151415, 21504821768, 21760373520, 22016780932, 22274042688, 22532140262, 22791105995, 23050898837, 23311522136, 23572986633, 23835301915, 24098454118, 24362433213, 24627199245, 24892797192, 25159184719, 25426387288, 25694380798, 25963188553, 26232764080, 26503158117, 26774384810, 27046376973, 27319115652, 27592654143, 27866991583, 28142098596, 28417954283, 28694568920, 28971944891, 29250101309, 29529042615, 29808711697, 30089141403, 30370326559, 30652212712, 30934868460, 31218302618, 31502451936, 31787322562, 32072911712, 32359227200, 32646275515, 32934058404, 33222562955, 33511783092, 33801709611, 34092350991, 34383682995, 34675733438, 34968486968, 35261960392, 35556165571, 35851023544, 36146580457, 36442831618, 36739758012, 37037378642, 37335662497, 37634649163, 37934312235, 38234682898, 38535701155, 38837399939, 39139764033, 39442813266, 39746529243, 40050922791, 40355964594, 40661641854, 40967992143, 41275003844, 41582671114, 41890937073, 42199887667, 42509485384, 42819713783, 43130604383, 43442144671, 43754309199, 44067094481, 44380534911, 44694597072, 45009260131]

[33mBuilt regression model![0m
Model info:
	r^2:		0.9999999999742025
	p-value:	0
	intercept:	-3.196094010101632
	slope:	1.399821480264362
Fractal dimension: 1.399821480264362
