[33mCounting circles[0m
13%		520m 31.13772885399885s remaining
25%		446m 9.32351225399907s remaining
38%		371m 48.89976489000037s remaining
50%		297m 25.1348261359999s remaining
63%		223m 2.098390183000447s remaining
75%		148m 40.320642533000864s remaining
88%		74m 20.024375207999583s remaining

Took 594m 35.93793052399997s to count circles

[33mDone counting circles![0m
sample points:
[202000000.0, 204000000.0, 206000000.0, 208000000.0, 210000000.0, 212000000.0, 214000000.0, 216000000.0, 218000000.0, 220000000.0, 222000000.0, 224000000.0, 226000000.0, 228000000.0, 230000000.0, 232000000.0, 234000000.0, 236000000.0, 238000000.0, 240000000.0, 242000000.0, 244000000.0, 246000000.0, 248000000.0, 250000000.0, 252000000.0, 254000000.0, 256000000.0, 258000000.0, 260000000.0, 262000000.0, 264000000.0, 266000000.0, 268000000.0, 270000000.0, 272000000.0, 274000000.0, 276000000.0, 278000000.0, 280000000.0, 282000000.0, 284000000.0, 286000000.0, 288000000.0, 290000000.0, 292000000.0, 294000000.0, 296000000.0, 298000000.0, 300000000.0, 302000000.0, 304000000.0, 306000000.0, 308000000.0, 310000000.0, 312000000.0, 314000000.0, 316000000.0, 318000000.0, 320000000.0, 322000000.0, 324000000.0, 326000000.0, 328000000.0, 330000000.0, 332000000.0, 334000000.0, 336000000.0, 338000000.0, 340000000.0, 342000000.0, 344000000.0, 346000000.0, 348000000.0, 350000000.0, 352000000.0, 354000000.0, 356000000.0, 358000000.0, 360000000.0, 362000000.0, 364000000.0, 366000000.0, 368000000.0, 370000000.0, 372000000.0, 374000000.0, 376000000.0, 378000000.0, 380000000.0, 382000000.0, 384000000.0, 386000000.0, 388000000.0, 390000000.0, 392000000.0, 394000000.0, 396000000.0, 398000000.0, 400000000.0]

number of circles fewer than each of those sample points:
[13376476299, 13559329133, 13742902908, 13927150743, 14112068302, 14297659698, 14483906687, 14670810120, 14858364537, 15046570114, 15235421969, 15424927543, 15615062023, 15805855957, 15997288796, 16189340225, 16382023354, 16575321439, 16769239256, 16963800500, 17158958045, 17354701462, 17551068066, 17748044152, 17945605694, 18143797208, 18342550167, 18541923842, 18741869208, 18942401405, 19143503039, 19345189007, 19547488186, 19750357143, 19953787136, 20157803110, 20362391697, 20567529298, 20773240718, 20979482196, 21186284479, 21393661496, 21601598519, 21810036242, 22019064240, 22228642286, 22438743892, 22649402624, 22860603556, 23072349589, 23284624126, 23497446874, 23710804275, 23924661722, 24139040681, 24353949115, 24569396879, 24785344856, 25001848525, 25218857448, 25436366215, 25654400569, 25872921803, 26091941540, 26311452800, 26531502071, 26752062081, 26973130196, 27194701541, 27416742124, 27639279178, 27862325280, 28085845123, 28309866722, 28534371998, 28759389116, 28984876824, 29210850747, 29437298373, 29664234498, 29891628797, 30119493658, 30347862257, 30576705081, 30806014429, 31035771769, 31266013090, 31496693486, 31727845125, 31959463105, 32191538101, 32424078915, 32657094409, 32890575319, 33124469945, 33358826490, 33593635723, 33828895064, 34064629098, 34300798468]

[33mBuilt regression model![0m
Model info:
	r^2:		0.999999999740386
	p-value:	0
	intercept:	-3.0420352358587834
	slope:	1.378325683803753
Fractal dimension: 1.378325683803753
