[33mCounting circles[0m
9%		0.02996469s remaining
18%		0.014091979s remaining
27%		0.008687418s remaining
36%		0.005840086s remaining
45%		0.004175929s remaining
55%		0.002999842s remaining
64%		0.002093112s remaining
73%		0.00139105s remaining
82%		0.00083284s remaining
91%		0.000378806s remaining

Took 0.003882175s to count circles

[33mDone counting circles![0m
sample points:
[505.0, 510.0, 515.0, 520.0, 525.0, 530.0, 535.0, 540.0, 545.0, 550.0, 555.0, 560.0, 565.0, 570.0, 575.0, 580.0, 585.0, 590.0, 595.0, 600.0, 605.0, 610.0, 615.0, 620.0, 625.0, 630.0, 635.0, 640.0, 645.0, 650.0, 655.0, 660.0, 665.0, 670.0, 675.0, 680.0, 685.0, 690.0, 695.0, 700.0, 705.0, 710.0, 715.0, 720.0, 725.0, 730.0, 735.0, 740.0, 745.0, 750.0, 755.0, 760.0, 765.0, 770.0, 775.0, 780.0, 785.0, 790.0, 795.0, 800.0, 805.0, 810.0, 815.0, 820.0, 825.0, 830.0, 835.0, 840.0, 845.0, 850.0, 855.0, 860.0, 865.0, 870.0, 875.0, 880.0, 885.0, 890.0, 895.0, 900.0, 905.0, 910.0, 915.0, 920.0, 925.0, 930.0, 935.0, 940.0, 945.0, 950.0, 955.0, 960.0, 965.0, 970.0, 975.0, 980.0, 985.0, 990.0, 995.0, 1000.0]

number of circles fewer than each of those sample points:
[117, 118, 121, 122, 124, 125, 130, 132, 132, 132, 133, 134, 134, 135, 139, 139, 139, 142, 143, 146, 149, 150, 152, 152, 156, 157, 157, 158, 158, 159, 161, 164, 165, 166, 167, 169, 172, 173, 175, 177, 177, 179, 182, 183, 185, 188, 190, 191, 193, 198, 199, 200, 203, 206, 206, 207, 208, 209, 210, 212, 212, 215, 217, 217, 218, 221, 222, 224, 224, 224, 226, 226, 226, 226, 229, 230, 232, 233, 235, 238, 238, 239, 243, 247, 248, 251, 253, 254, 257, 258, 258, 262, 265, 269, 271, 275, 279, 280, 284, 286]

[33mBuilt regression model![0m
Model info:
	r^2:		0.9964175871174903
	p-value:	0.0000000000000000000000000000000000000000000000000000000000000000000000000000000000000000000000000000000000000000000000001149712107179471
	intercept:	-2.9954587834511557
	slope:	1.2475810337647877
Fractal dimension: 1.2475810337647877
