[33mCounting circles[0m
13%		0.016668925s remaining
25%		0.007621998s remaining
38%		0.004433343s remaining
50%		0.002744843s remaining
63%		0.00172713s remaining
75%		0.000998297s remaining
88%		0.000442412s remaining

Took 0.003200337s to count circles

[33mDone counting circles![0m
sample points:
[505.0, 510.0, 515.0, 520.0, 525.0, 530.0, 535.0, 540.0, 545.0, 550.0, 555.0, 560.0, 565.0, 570.0, 575.0, 580.0, 585.0, 590.0, 595.0, 600.0, 605.0, 610.0, 615.0, 620.0, 625.0, 630.0, 635.0, 640.0, 645.0, 650.0, 655.0, 660.0, 665.0, 670.0, 675.0, 680.0, 685.0, 690.0, 695.0, 700.0, 705.0, 710.0, 715.0, 720.0, 725.0, 730.0, 735.0, 740.0, 745.0, 750.0, 755.0, 760.0, 765.0, 770.0, 775.0, 780.0, 785.0, 790.0, 795.0, 800.0, 805.0, 810.0, 815.0, 820.0, 825.0, 830.0, 835.0, 840.0, 845.0, 850.0, 855.0, 860.0, 865.0, 870.0, 875.0, 880.0, 885.0, 890.0, 895.0, 900.0, 905.0, 910.0, 915.0, 920.0, 925.0, 930.0, 935.0, 940.0, 945.0, 950.0, 955.0, 960.0, 965.0, 970.0, 975.0, 980.0, 985.0, 990.0, 995.0, 1000.0]

number of circles fewer than each of those sample points:
[139, 139, 139, 142, 143, 144, 146, 147, 150, 152, 154, 154, 155, 157, 157, 158, 163, 166, 167, 169, 171, 173, 177, 179, 181, 182, 183, 185, 186, 188, 192, 198, 199, 200, 201, 201, 201, 208, 210, 211, 214, 214, 219, 221, 221, 222, 223, 223, 224, 226, 227, 230, 230, 233, 235, 236, 239, 242, 243, 246, 250, 253, 255, 258, 262, 264, 266, 267, 269, 274, 276, 281, 282, 285, 286, 287, 292, 295, 298, 300, 300, 304, 306, 310, 313, 316, 317, 322, 325, 328, 331, 333, 337, 338, 341, 343, 343, 345, 347, 347]

[33mBuilt regression model![0m
Model info:
	r^2:		0.9967165746328187
	p-value:	0.000000000000000000000000000000000000000000000000000000000000000000000000000000000000000000000000000000000000000000000000001606753709795418
	intercept:	-3.7548524605562124
	slope:	1.3894991310187024
Fractal dimension: 1.3894991310187024
