[33mCounting circles[0m
14%		0.012253716s remaining
29%		0.00545558s remaining
43%		0.003078042s remaining
57%		0.001796221s remaining
71%		0.001009924s remaining
86%		0.000446593s remaining

Took 0.00281951s to count circles

[33mDone counting circles![0m
sample points:
[505.0, 510.0, 515.0, 520.0, 525.0, 530.0, 535.0, 540.0, 545.0, 550.0, 555.0, 560.0, 565.0, 570.0, 575.0, 580.0, 585.0, 590.0, 595.0, 600.0, 605.0, 610.0, 615.0, 620.0, 625.0, 630.0, 635.0, 640.0, 645.0, 650.0, 655.0, 660.0, 665.0, 670.0, 675.0, 680.0, 685.0, 690.0, 695.0, 700.0, 705.0, 710.0, 715.0, 720.0, 725.0, 730.0, 735.0, 740.0, 745.0, 750.0, 755.0, 760.0, 765.0, 770.0, 775.0, 780.0, 785.0, 790.0, 795.0, 800.0, 805.0, 810.0, 815.0, 820.0, 825.0, 830.0, 835.0, 840.0, 845.0, 850.0, 855.0, 860.0, 865.0, 870.0, 875.0, 880.0, 885.0, 890.0, 895.0, 900.0, 905.0, 910.0, 915.0, 920.0, 925.0, 930.0, 935.0, 940.0, 945.0, 950.0, 955.0, 960.0, 965.0, 970.0, 975.0, 980.0, 985.0, 990.0, 995.0, 1000.0]

number of circles fewer than each of those sample points:
[151, 153, 155, 156, 158, 158, 159, 162, 163, 169, 172, 174, 178, 180, 183, 183, 184, 185, 190, 195, 196, 201, 205, 206, 207, 208, 211, 215, 217, 218, 220, 223, 228, 229, 231, 234, 236, 239, 243, 244, 244, 250, 254, 257, 257, 258, 263, 264, 266, 267, 268, 272, 276, 279, 281, 286, 287, 291, 291, 292, 296, 298, 301, 302, 305, 309, 313, 315, 316, 319, 322, 324, 324, 325, 327, 332, 332, 335, 337, 338, 339, 339, 342, 344, 346, 350, 355, 358, 363, 367, 371, 373, 373, 375, 379, 380, 382, 382, 384, 386]

[33mBuilt regression model![0m
Model info:
	r^2:		0.996910242282713
	p-value:	0.0000000000000000000000000000000000000000000000000000000000000000000000000000000000000000000000000000000000000000000000000000816910573541209
	intercept:	-3.681300507758426
	slope:	1.3988725605928642
Fractal dimension: 1.3988725605928642
