[33mCounting circles[0m
10%		0.025452342s remaining
20%		0.011906036s remaining
30%		0.007357672s remaining
40%		0.004865364s remaining
50%		0.003370371s remaining
60%		0.002322502s remaining
70%		0.001521648s remaining
80%		0.000898006s remaining
90%		0.000403759s remaining

Took 0.003721571s to count circles

[33mDone counting circles![0m
sample points:
[505.0, 510.0, 515.0, 520.0, 525.0, 530.0, 535.0, 540.0, 545.0, 550.0, 555.0, 560.0, 565.0, 570.0, 575.0, 580.0, 585.0, 590.0, 595.0, 600.0, 605.0, 610.0, 615.0, 620.0, 625.0, 630.0, 635.0, 640.0, 645.0, 650.0, 655.0, 660.0, 665.0, 670.0, 675.0, 680.0, 685.0, 690.0, 695.0, 700.0, 705.0, 710.0, 715.0, 720.0, 725.0, 730.0, 735.0, 740.0, 745.0, 750.0, 755.0, 760.0, 765.0, 770.0, 775.0, 780.0, 785.0, 790.0, 795.0, 800.0, 805.0, 810.0, 815.0, 820.0, 825.0, 830.0, 835.0, 840.0, 845.0, 850.0, 855.0, 860.0, 865.0, 870.0, 875.0, 880.0, 885.0, 890.0, 895.0, 900.0, 905.0, 910.0, 915.0, 920.0, 925.0, 930.0, 935.0, 940.0, 945.0, 950.0, 955.0, 960.0, 965.0, 970.0, 975.0, 980.0, 985.0, 990.0, 995.0, 1000.0]

number of circles fewer than each of those sample points:
[121, 125, 127, 130, 131, 132, 132, 133, 134, 134, 136, 136, 137, 140, 142, 147, 149, 151, 152, 153, 154, 156, 158, 159, 159, 159, 162, 163, 165, 165, 165, 169, 171, 173, 175, 176, 178, 178, 181, 183, 185, 188, 191, 191, 192, 195, 196, 198, 202, 205, 205, 206, 208, 208, 210, 211, 213, 213, 216, 217, 219, 220, 221, 223, 223, 225, 225, 225, 227, 227, 231, 232, 235, 237, 237, 239, 242, 246, 249, 250, 254, 255, 256, 260, 263, 264, 266, 268, 270, 276, 279, 281, 288, 289, 292, 294, 296, 298, 299, 301]

[33mBuilt regression model![0m
Model info:
	r^2:		0.9948449694721124
	p-value:	0.000000000000000000000000000000000000000000000000000000000000000000000000000000000000000000000000000000000000000006392191496914639
	intercept:	-3.1323649771292876
	slope:	1.2742409743230465
Fractal dimension: 1.2742409743230465
