[33mCounting circles[0m
11%		0.020141424s remaining
22%		0.009248487s remaining
33%		0.00551714s remaining
44%		0.003551482s remaining
56%		0.002375656s remaining
67%		0.001540365s remaining
78%		0.000901194s remaining
89%		0.000400231s remaining

Took 0.003292942s to count circles

[33mDone counting circles![0m
sample points:
[505.0, 510.0, 515.0, 520.0, 525.0, 530.0, 535.0, 540.0, 545.0, 550.0, 555.0, 560.0, 565.0, 570.0, 575.0, 580.0, 585.0, 590.0, 595.0, 600.0, 605.0, 610.0, 615.0, 620.0, 625.0, 630.0, 635.0, 640.0, 645.0, 650.0, 655.0, 660.0, 665.0, 670.0, 675.0, 680.0, 685.0, 690.0, 695.0, 700.0, 705.0, 710.0, 715.0, 720.0, 725.0, 730.0, 735.0, 740.0, 745.0, 750.0, 755.0, 760.0, 765.0, 770.0, 775.0, 780.0, 785.0, 790.0, 795.0, 800.0, 805.0, 810.0, 815.0, 820.0, 825.0, 830.0, 835.0, 840.0, 845.0, 850.0, 855.0, 860.0, 865.0, 870.0, 875.0, 880.0, 885.0, 890.0, 895.0, 900.0, 905.0, 910.0, 915.0, 920.0, 925.0, 930.0, 935.0, 940.0, 945.0, 950.0, 955.0, 960.0, 965.0, 970.0, 975.0, 980.0, 985.0, 990.0, 995.0, 1000.0]

number of circles fewer than each of those sample points:
[128, 129, 129, 130, 132, 135, 136, 138, 142, 144, 145, 147, 148, 149, 149, 151, 152, 153, 154, 155, 157, 159, 162, 163, 166, 169, 169, 171, 174, 176, 177, 179, 180, 181, 181, 187, 188, 190, 193, 194, 196, 197, 198, 200, 204, 205, 207, 208, 210, 212, 212, 215, 215, 218, 219, 222, 223, 225, 226, 229, 232, 233, 233, 234, 235, 236, 239, 241, 243, 247, 250, 252, 253, 255, 261, 263, 263, 264, 265, 266, 270, 275, 278, 280, 284, 286, 290, 293, 297, 299, 300, 301, 303, 304, 306, 308, 310, 313, 315, 315]

[33mBuilt regression model![0m
Model info:
	r^2:		0.9974027914359634
	p-value:	0.00000000000000000000000000000000000000000000000000000000000000000000000000000000000000000000000000000000000000000000000000000001646671757844936
	intercept:	-3.4596333868248563
	slope:	1.3318738611100582
Fractal dimension: 1.3318738611100582
