[33mCounting circles[0m
17%		0.01107729s remaining
33%		0.00478931s remaining
50%		0.00256454s remaining
67%		0.001341779s remaining
83%		0.000573997s remaining

Took 0.003072657s to count circles

[33mDone counting circles![0m
sample points:
[505.0, 510.0, 515.0, 520.0, 525.0, 530.0, 535.0, 540.0, 545.0, 550.0, 555.0, 560.0, 565.0, 570.0, 575.0, 580.0, 585.0, 590.0, 595.0, 600.0, 605.0, 610.0, 615.0, 620.0, 625.0, 630.0, 635.0, 640.0, 645.0, 650.0, 655.0, 660.0, 665.0, 670.0, 675.0, 680.0, 685.0, 690.0, 695.0, 700.0, 705.0, 710.0, 715.0, 720.0, 725.0, 730.0, 735.0, 740.0, 745.0, 750.0, 755.0, 760.0, 765.0, 770.0, 775.0, 780.0, 785.0, 790.0, 795.0, 800.0, 805.0, 810.0, 815.0, 820.0, 825.0, 830.0, 835.0, 840.0, 845.0, 850.0, 855.0, 860.0, 865.0, 870.0, 875.0, 880.0, 885.0, 890.0, 895.0, 900.0, 905.0, 910.0, 915.0, 920.0, 925.0, 930.0, 935.0, 940.0, 945.0, 950.0, 955.0, 960.0, 965.0, 970.0, 975.0, 980.0, 985.0, 990.0, 995.0, 1000.0]

number of circles fewer than each of those sample points:
[187, 190, 195, 195, 199, 202, 204, 205, 210, 212, 216, 217, 225, 231, 234, 235, 236, 238, 241, 241, 242, 245, 249, 254, 256, 258, 259, 263, 266, 268, 276, 279, 284, 285, 286, 288, 292, 297, 298, 302, 305, 307, 308, 311, 312, 316, 318, 321, 323, 325, 327, 333, 334, 337, 338, 341, 344, 345, 346, 347, 348, 355, 359, 360, 361, 364, 369, 375, 375, 378, 381, 386, 389, 392, 395, 395, 397, 399, 402, 407, 411, 413, 414, 418, 419, 421, 425, 428, 432, 434, 439, 441, 443, 446, 450, 455, 458, 460, 465, 469]

[33mBuilt regression model![0m
Model info:
	r^2:		0.9973823303157552
	p-value:	0.00000000000000000000000000000000000000000000000000000000000000000000000000000000000000000000000000000000000000000000000000000002418823847369787
	intercept:	-2.8056642101894638
	slope:	1.29637896536962
Fractal dimension: 1.29637896536962
