[33mCounting circles[0m
13%		310m 2.0124281179996615s remaining
25%		265m 44.661317829000836s remaining
38%		221m 26.616707593000683s remaining
50%		177m 8.435375531000318s remaining
63%		132m 50.994844216000274s remaining
75%		88m 33.760555224999734s remaining
88%		44m 16.779915229999915s remaining

Took 354m 23.875467448000563s to count circles

[33mDone counting circles![0m
sample points:
[101000000.0, 102000000.0, 103000000.0, 104000000.0, 105000000.0, 106000000.0, 107000000.0, 108000000.0, 109000000.0, 110000000.0, 111000000.0, 112000000.0, 113000000.0, 114000000.0, 115000000.0, 116000000.0, 117000000.0, 118000000.0, 119000000.0, 120000000.0, 121000000.0, 122000000.0, 123000000.0, 124000000.0, 125000000.0, 126000000.0, 127000000.0, 128000000.0, 129000000.0, 130000000.0, 131000000.0, 132000000.0, 133000000.0, 134000000.0, 135000000.0, 136000000.0, 137000000.0, 138000000.0, 139000000.0, 140000000.0, 141000000.0, 142000000.0, 143000000.0, 144000000.0, 145000000.0, 146000000.0, 147000000.0, 148000000.0, 149000000.0, 150000000.0, 151000000.0, 152000000.0, 153000000.0, 154000000.0, 155000000.0, 156000000.0, 157000000.0, 158000000.0, 159000000.0, 160000000.0, 161000000.0, 162000000.0, 163000000.0, 164000000.0, 165000000.0, 166000000.0, 167000000.0, 168000000.0, 169000000.0, 170000000.0, 171000000.0, 172000000.0, 173000000.0, 174000000.0, 175000000.0, 176000000.0, 177000000.0, 178000000.0, 179000000.0, 180000000.0, 181000000.0, 182000000.0, 183000000.0, 184000000.0, 185000000.0, 186000000.0, 187000000.0, 188000000.0, 189000000.0, 190000000.0, 191000000.0, 192000000.0, 193000000.0, 194000000.0, 195000000.0, 196000000.0, 197000000.0, 198000000.0, 199000000.0, 200000000.0]

number of circles fewer than each of those sample points:
[12869838318, 13058931994, 13248858052, 13439712716, 13631445165, 13824045105, 14017535941, 14211888710, 14407083233, 14603136172, 14800077586, 14997842586, 15196500279, 15396012106, 15596321173, 15797531371, 15999544914, 16202392774, 16406052659, 16610542145, 16815854969, 17022033512, 17228939029, 17436693079, 17645263806, 17854642083, 18064828379, 18275768437, 18487526340, 18700060017, 18913379754, 19127455373, 19342321245, 19557965055, 19774419129, 19991627567, 20209600357, 20428343984, 20647840477, 20868074095, 21089104291, 21310882405, 21533422867, 21756710800, 21980736851, 22205461746, 22430977534, 22657237294, 22884201805, 23111886065, 23340342991, 23569495735, 23799397823, 24030029693, 24261363738, 24493418341, 24726194312, 24959698140, 25193879655, 25428778986, 25664332199, 25900643802, 26137607696, 26375349024, 26613804037, 26852911703, 27092713328, 27333225978, 27574377035, 27816223540, 28058736089, 28301962817, 28545851430, 28790445175, 29035739712, 29281701475, 29528278156, 29775560060, 30023501274, 30272109054, 30521410200, 30771344297, 31021917379, 31273185389, 31525134495, 31777707627, 32030967535, 32284858012, 32539410672, 32794563877, 33050390031, 33306885468, 33564010006, 33821773522, 34080130260, 34339132323, 34598812120, 34859117490, 35120039648, 35381592591]

[33mBuilt regression model![0m
Model info:
	r^2:		0.9999999999483241
	p-value:	0
	intercept:	-4.003827800750813
	slope:	1.4802520560666377
Fractal dimension: 1.4802520560666377
