[33mCounting circles[0m
8%		350m 16.033064850998926s remaining
17%		318m 28.260117879999598s remaining
25%		286m 40.51705357500032s remaining
33%		254m 48.75673814599941s remaining
42%		222m 58.20238002000042s remaining
50%		191m 7.190027332999307s remaining
58%		159m 15.729893079000249s remaining
67%		127m 24.859996250999757s remaining
75%		95m 33.71528727700024s remaining
83%		63m 42.43360715200015s remaining
92%		31m 51.23421735200009s remaining

Took 382m 14.7540163090016s to count circles

[33mDone counting circles![0m
sample points:
[101000000.0, 102000000.0, 103000000.0, 104000000.0, 105000000.0, 106000000.0, 107000000.0, 108000000.0, 109000000.0, 110000000.0, 111000000.0, 112000000.0, 113000000.0, 114000000.0, 115000000.0, 116000000.0, 117000000.0, 118000000.0, 119000000.0, 120000000.0, 121000000.0, 122000000.0, 123000000.0, 124000000.0, 125000000.0, 126000000.0, 127000000.0, 128000000.0, 129000000.0, 130000000.0, 131000000.0, 132000000.0, 133000000.0, 134000000.0, 135000000.0, 136000000.0, 137000000.0, 138000000.0, 139000000.0, 140000000.0, 141000000.0, 142000000.0, 143000000.0, 144000000.0, 145000000.0, 146000000.0, 147000000.0, 148000000.0, 149000000.0, 150000000.0, 151000000.0, 152000000.0, 153000000.0, 154000000.0, 155000000.0, 156000000.0, 157000000.0, 158000000.0, 159000000.0, 160000000.0, 161000000.0, 162000000.0, 163000000.0, 164000000.0, 165000000.0, 166000000.0, 167000000.0, 168000000.0, 169000000.0, 170000000.0, 171000000.0, 172000000.0, 173000000.0, 174000000.0, 175000000.0, 176000000.0, 177000000.0, 178000000.0, 179000000.0, 180000000.0, 181000000.0, 182000000.0, 183000000.0, 184000000.0, 185000000.0, 186000000.0, 187000000.0, 188000000.0, 189000000.0, 190000000.0, 191000000.0, 192000000.0, 193000000.0, 194000000.0, 195000000.0, 196000000.0, 197000000.0, 198000000.0, 199000000.0, 200000000.0]

number of circles fewer than each of those sample points:
[4211400527, 4268755005, 4326332674, 4384102553, 4442101277, 4500276280, 4558666942, 4617266528, 4676077726, 4735081483, 4794301250, 4853712162, 4913318523, 4973135392, 5033132115, 5093328487, 5153718599, 5214288788, 5275058608, 5336021615, 5397177720, 5458521127, 5520066576, 5581774968, 5643679907, 5705766982, 5768041653, 5830490113, 5893122216, 5955936592, 6018936507, 6082089224, 6145427849, 6208959817, 6272653523, 6336534274, 6400618305, 6464869441, 6529285554, 6593873941, 6658620319, 6723526586, 6788601421, 6853860280, 6919292458, 6984894923, 7050678322, 7116627202, 7182747673, 7249009374, 7315443947, 7382036934, 7448800627, 7515714404, 7582817958, 7650075610, 7717467224, 7785034129, 7852758309, 7920628064, 7988681669, 8056882206, 8125238192, 8193748820, 8262403915, 8331233733, 8400224733, 8469369446, 8538656481, 8608075651, 8677671198, 8747422708, 8817310227, 8887356151, 8957554422, 9027895497, 9098410672, 9169055286, 9239847778, 9310785534, 9381879699, 9453108770, 9524474155, 9595992165, 9667667203, 9739482216, 9811446425, 9883556047, 9955805611, 10028199020, 10100733474, 10173408271, 10246228100, 10319195310, 10392302661, 10465552620, 10538923706, 10612435234, 10686087386, 10759867745]

[33mBuilt regression model![0m
Model info:
	r^2:		0.9999999986390502
	p-value:	0
	intercept:	-3.1439573258455766
	slope:	1.3729881903819372
Fractal dimension: 1.3729881903819372
