[33mCounting circles[0m
17%		89m 57.84703740999976s remaining
33%		71m 57.6228593980004s remaining
50%		53m 59.214897271000154s remaining
67%		35m 59.60607492700001s remaining
83%		17m 59.955399727999975s remaining

Took 107m 59.6545267219999s to count circles

[33mDone counting circles![0m
sample points:
[101000000.0, 102000000.0, 103000000.0, 104000000.0, 105000000.0, 106000000.0, 107000000.0, 108000000.0, 109000000.0, 110000000.0, 111000000.0, 112000000.0, 113000000.0, 114000000.0, 115000000.0, 116000000.0, 117000000.0, 118000000.0, 119000000.0, 120000000.0, 121000000.0, 122000000.0, 123000000.0, 124000000.0, 125000000.0, 126000000.0, 127000000.0, 128000000.0, 129000000.0, 130000000.0, 131000000.0, 132000000.0, 133000000.0, 134000000.0, 135000000.0, 136000000.0, 137000000.0, 138000000.0, 139000000.0, 140000000.0, 141000000.0, 142000000.0, 143000000.0, 144000000.0, 145000000.0, 146000000.0, 147000000.0, 148000000.0, 149000000.0, 150000000.0, 151000000.0, 152000000.0, 153000000.0, 154000000.0, 155000000.0, 156000000.0, 157000000.0, 158000000.0, 159000000.0, 160000000.0, 161000000.0, 162000000.0, 163000000.0, 164000000.0, 165000000.0, 166000000.0, 167000000.0, 168000000.0, 169000000.0, 170000000.0, 171000000.0, 172000000.0, 173000000.0, 174000000.0, 175000000.0, 176000000.0, 177000000.0, 178000000.0, 179000000.0, 180000000.0, 181000000.0, 182000000.0, 183000000.0, 184000000.0, 185000000.0, 186000000.0, 187000000.0, 188000000.0, 189000000.0, 190000000.0, 191000000.0, 192000000.0, 193000000.0, 194000000.0, 195000000.0, 196000000.0, 197000000.0, 198000000.0, 199000000.0, 200000000.0]

number of circles fewer than each of those sample points:
[3172526374, 3214534415, 3256678232, 3298951127, 3341376827, 3383915978, 3426591216, 3469438339, 3512398891, 3555478104, 3598689559, 3642055091, 3685532540, 3729137319, 3772871051, 3816760695, 3860770776, 3904903649, 3949151129, 3993541178, 4038052363, 4082682902, 4127439173, 4172309432, 4217318787, 4262437674, 4307672163, 4353032713, 4398519091, 4444097839, 4489806475, 4535625802, 4581565966, 4627631844, 4673794804, 4720066602, 4766479582, 4812996656, 4859606726, 4906338469, 4953194489, 5000149319, 5047224270, 5094403221, 5141671043, 5189077706, 5236588401, 5284195763, 5331923304, 5379740666, 5427690131, 5475731607, 5523897763, 5572159644, 5620523305, 5668999691, 5717584464, 5766264920, 5815075590, 5863948291, 5912932233, 5962022172, 6011232552, 6060517962, 6109918555, 6159403790, 6209001404, 6258707288, 6308488256, 6358394026, 6408387014, 6458487855, 6508692844, 6558983227, 6609375203, 6659880862, 6710446517, 6761126161, 6811910178, 6862762693, 6913728955, 6964800532, 7015961154, 7067209667, 7118527934, 7169946714, 7221473760, 7273084955, 7324789604, 7376588346, 7428473237, 7480456404, 7532514692, 7584679472, 7636938808, 7689281659, 7741707595, 7794234597, 7846838326, 7899540540]

[33mBuilt regression model![0m
Model info:
	r^2:		0.9999999991368259
	p-value:	0
	intercept:	-2.7330143081044227
	slope:	1.3353201069773506
Fractal dimension: 1.3353201069773506
