[33mCounting circles[0m
13%		6.835422223s remaining
25%		5.8532715s remaining
38%		4.873016228s remaining
50%		3.897207033s remaining
63%		2.923469826s remaining
75%		1.948920429s remaining
88%		0.974549954s remaining

Took 7.793503264s to count circles

[33mDone counting circles![0m
sample points:
[505000.0, 510000.0, 515000.0, 520000.0, 525000.0, 530000.0, 535000.0, 540000.0, 545000.0, 550000.0, 555000.0, 560000.0, 565000.0, 570000.0, 575000.0, 580000.0, 585000.0, 590000.0, 595000.0, 600000.0, 605000.0, 610000.0, 615000.0, 620000.0, 625000.0, 630000.0, 635000.0, 640000.0, 645000.0, 650000.0, 655000.0, 660000.0, 665000.0, 670000.0, 675000.0, 680000.0, 685000.0, 690000.0, 695000.0, 700000.0, 705000.0, 710000.0, 715000.0, 720000.0, 725000.0, 730000.0, 735000.0, 740000.0, 745000.0, 750000.0, 755000.0, 760000.0, 765000.0, 770000.0, 775000.0, 780000.0, 785000.0, 790000.0, 795000.0, 800000.0, 805000.0, 810000.0, 815000.0, 820000.0, 825000.0, 830000.0, 835000.0, 840000.0, 845000.0, 850000.0, 855000.0, 860000.0, 865000.0, 870000.0, 875000.0, 880000.0, 885000.0, 890000.0, 895000.0, 900000.0, 905000.0, 910000.0, 915000.0, 920000.0, 925000.0, 930000.0, 935000.0, 940000.0, 945000.0, 950000.0, 955000.0, 960000.0, 965000.0, 970000.0, 975000.0, 980000.0, 985000.0, 990000.0, 995000.0, 1000000.0]

number of circles fewer than each of those sample points:
[5053023, 5127467, 5201909, 5276367, 5351644, 5427386, 5503499, 5579422, 5655807, 5731592, 5809532, 5887459, 5965593, 6044045, 6122471, 6201117, 6280710, 6360104, 6439365, 6519467, 6599526, 6681223, 6762144, 6843960, 6924953, 7007518, 7090240, 7173924, 7257284, 7340477, 7424922, 7508851, 7593537, 7678080, 7763348, 7848005, 7933683, 8019223, 8105563, 8191438, 8278789, 8365586, 8452911, 8540336, 8628600, 8716830, 8805251, 8894815, 8984038, 9073672, 9162897, 9252749, 9343751, 9433756, 9524551, 9615271, 9706406, 9798145, 9890827, 9983194, 10074853, 10168040, 10261329, 10354739, 10448568, 10541847, 10636480, 10729849, 10825026, 10919539, 11014356, 11109789, 11205089, 11301050, 11397947, 11494242, 11590899, 11687885, 11784868, 11882020, 11978369, 12077096, 12175880, 12273730, 12373178, 12472353, 12571172, 12671107, 12772241, 12872428, 12973022, 13073967, 13175092, 13276569, 13378230, 13479838, 13581331, 13683932, 13787056, 13888604]

[33mBuilt regression model![0m
Model info:
	r^2:		0.9999998844908888
	p-value:	0
	intercept:	-4.001861800723432
	slope:	1.4801061783525686
Fractal dimension: 1.4801061783525686
