[33mCounting circles[0m
8%		13.509898039s remaining
17%		12.28084539s remaining
25%		11.057133104s remaining
33%		9.818808323s remaining
42%		8.592156221s remaining
50%		7.365178955s remaining
58%		6.136449139s remaining
67%		4.908269449s remaining
75%		3.680951399s remaining
83%		2.453694393s remaining
92%		1.226691648s remaining

Took 14.720552165s to count circles

[33mDone counting circles![0m
sample points:
[505000.0, 510000.0, 515000.0, 520000.0, 525000.0, 530000.0, 535000.0, 540000.0, 545000.0, 550000.0, 555000.0, 560000.0, 565000.0, 570000.0, 575000.0, 580000.0, 585000.0, 590000.0, 595000.0, 600000.0, 605000.0, 610000.0, 615000.0, 620000.0, 625000.0, 630000.0, 635000.0, 640000.0, 645000.0, 650000.0, 655000.0, 660000.0, 665000.0, 670000.0, 675000.0, 680000.0, 685000.0, 690000.0, 695000.0, 700000.0, 705000.0, 710000.0, 715000.0, 720000.0, 725000.0, 730000.0, 735000.0, 740000.0, 745000.0, 750000.0, 755000.0, 760000.0, 765000.0, 770000.0, 775000.0, 780000.0, 785000.0, 790000.0, 795000.0, 800000.0, 805000.0, 810000.0, 815000.0, 820000.0, 825000.0, 830000.0, 835000.0, 840000.0, 845000.0, 850000.0, 855000.0, 860000.0, 865000.0, 870000.0, 875000.0, 880000.0, 885000.0, 890000.0, 895000.0, 900000.0, 905000.0, 910000.0, 915000.0, 920000.0, 925000.0, 930000.0, 935000.0, 940000.0, 945000.0, 950000.0, 955000.0, 960000.0, 965000.0, 970000.0, 975000.0, 980000.0, 985000.0, 990000.0, 995000.0, 1000000.0]

number of circles fewer than each of those sample points:
[2917051, 2956760, 2996673, 3037004, 3077587, 3117864, 3158189, 3198633, 3239427, 3280176, 3321172, 3362806, 3404459, 3445791, 3487695, 3529212, 3571037, 3613012, 3655138, 3697187, 3739356, 3782241, 3824754, 3867970, 3911241, 3954384, 3997768, 4040926, 4084612, 4128226, 4171839, 4215775, 4259857, 4304299, 4348536, 4393173, 4437516, 4482239, 4526832, 4571444, 4616355, 4661037, 4706166, 4751185, 4796404, 4842170, 4887909, 4933506, 4979958, 5025479, 5071665, 5117706, 5163889, 5210341, 5256556, 5303230, 5349741, 5396424, 5442902, 5490050, 5537051, 5584126, 5631296, 5678937, 5726304, 5774389, 5822343, 5870381, 5918543, 5966524, 6015016, 6063348, 6111961, 6160004, 6208428, 6257428, 6306197, 6354914, 6403783, 6452933, 6502062, 6551240, 6600684, 6650481, 6700197, 6749835, 6799699, 6849655, 6899813, 6949963, 7000038, 7049955, 7100494, 7150979, 7201233, 7252273, 7303064, 7354145, 7405137, 7455997]

[33mBuilt regression model![0m
Model info:
	r^2:		0.9999993105463149
	p-value:	0.0000000000000000000000000000000000000000000000000000000000000000000000000000000000000000000000000000000000000000000000000000000000000000000000000000000000000000000000000000000000000000000000000000000000000000000000000000000000000000000000000000000000000000000000000000000000000000000000000000000000000009816780037691615
	intercept:	-3.1508264652037106
	slope:	1.3735060097388425
Fractal dimension: 1.3735060097388425
