[33mCounting circles[0m
17%		4.249630355s remaining
33%		3.397970828s remaining
50%		2.547366139s remaining
67%		1.697398271s remaining
83%		0.848262587s remaining

Took 5.089311618s to count circles

[33mDone counting circles![0m
sample points:
[505000.0, 510000.0, 515000.0, 520000.0, 525000.0, 530000.0, 535000.0, 540000.0, 545000.0, 550000.0, 555000.0, 560000.0, 565000.0, 570000.0, 575000.0, 580000.0, 585000.0, 590000.0, 595000.0, 600000.0, 605000.0, 610000.0, 615000.0, 620000.0, 625000.0, 630000.0, 635000.0, 640000.0, 645000.0, 650000.0, 655000.0, 660000.0, 665000.0, 670000.0, 675000.0, 680000.0, 685000.0, 690000.0, 695000.0, 700000.0, 705000.0, 710000.0, 715000.0, 720000.0, 725000.0, 730000.0, 735000.0, 740000.0, 745000.0, 750000.0, 755000.0, 760000.0, 765000.0, 770000.0, 775000.0, 780000.0, 785000.0, 790000.0, 795000.0, 800000.0, 805000.0, 810000.0, 815000.0, 820000.0, 825000.0, 830000.0, 835000.0, 840000.0, 845000.0, 850000.0, 855000.0, 860000.0, 865000.0, 870000.0, 875000.0, 880000.0, 885000.0, 890000.0, 895000.0, 900000.0, 905000.0, 910000.0, 915000.0, 920000.0, 925000.0, 930000.0, 935000.0, 940000.0, 945000.0, 950000.0, 955000.0, 960000.0, 965000.0, 970000.0, 975000.0, 980000.0, 985000.0, 990000.0, 995000.0, 1000000.0]

number of circles fewer than each of those sample points:
[2684414, 2719588, 2755037, 2790854, 2826562, 2862894, 2899256, 2935824, 2971882, 3008378, 3044633, 3080922, 3117755, 3154706, 3191585, 3228634, 3265627, 3302882, 3340405, 3378054, 3415904, 3453526, 3491430, 3529558, 3567529, 3605924, 3644252, 3683088, 3721688, 3760206, 3798378, 3837236, 3876150, 3914966, 3954366, 3994246, 4033515, 4073158, 4112677, 4152032, 4191468, 4231060, 4270627, 4310418, 4350349, 4390486, 4430806, 4471098, 4511600, 4551938, 4592344, 4633110, 4673761, 4714414, 4755055, 4796162, 4837393, 4878402, 4918795, 4960474, 5001640, 5043452, 5085075, 5126942, 5168350, 5210050, 5252276, 5294220, 5336363, 5378596, 5420841, 5463562, 5506405, 5549052, 5591247, 5633860, 5676525, 5720238, 5763087, 5806020, 5848677, 5892156, 5935948, 5979362, 6022890, 6066834, 6110264, 6154076, 6197920, 6242132, 6285933, 6329482, 6373487, 6417288, 6461402, 6505672, 6550057, 6594636, 6639522, 6683566]

[33mBuilt regression model![0m
Model info:
	r^2:		0.9999997573073586
	p-value:	0
	intercept:	-2.7342658762629206
	slope:	1.3354128221469261
Fractal dimension: 1.3354128221469261
