[33mCounting circles[0m
17%		0.01199142s remaining
33%		0.005364394s remaining
50%		0.002808466s remaining
67%		0.001532857s remaining
83%		0.000629238s remaining

Took 0.003405812s to count circles

[33mDone counting circles![0m
sample points:
[505.0, 510.0, 515.0, 520.0, 525.0, 530.0, 535.0, 540.0, 545.0, 550.0, 555.0, 560.0, 565.0, 570.0, 575.0, 580.0, 585.0, 590.0, 595.0, 600.0, 605.0, 610.0, 615.0, 620.0, 625.0, 630.0, 635.0, 640.0, 645.0, 650.0, 655.0, 660.0, 665.0, 670.0, 675.0, 680.0, 685.0, 690.0, 695.0, 700.0, 705.0, 710.0, 715.0, 720.0, 725.0, 730.0, 735.0, 740.0, 745.0, 750.0, 755.0, 760.0, 765.0, 770.0, 775.0, 780.0, 785.0, 790.0, 795.0, 800.0, 805.0, 810.0, 815.0, 820.0, 825.0, 830.0, 835.0, 840.0, 845.0, 850.0, 855.0, 860.0, 865.0, 870.0, 875.0, 880.0, 885.0, 890.0, 895.0, 900.0, 905.0, 910.0, 915.0, 920.0, 925.0, 930.0, 935.0, 940.0, 945.0, 950.0, 955.0, 960.0, 965.0, 970.0, 975.0, 980.0, 985.0, 990.0, 995.0, 1000.0]

number of circles fewer than each of those sample points:
[154, 154, 154, 156, 160, 160, 160, 161, 168, 168, 172, 174, 176, 178, 184, 184, 184, 189, 194, 195, 196, 198, 200, 202, 206, 206, 206, 214, 214, 216, 216, 217, 224, 226, 234, 234, 234, 240, 240, 242, 242, 244, 246, 247, 250, 250, 264, 264, 266, 268, 272, 272, 278, 280, 280, 281, 292, 292, 294, 294, 298, 299, 302, 304, 304, 310, 314, 315, 318, 318, 320, 328, 328, 328, 328, 336, 336, 340, 344, 345, 346, 346, 352, 352, 354, 360, 360, 360, 360, 364, 364, 365, 366, 366, 370, 370, 376, 377, 380, 380]

[33mBuilt regression model![0m
Model info:
	r^2:		0.9963162231727228
	p-value:	0.0000000000000000000000000000000000000000000000000000000000000000000000000000000000000000000000000000000000000000000000004512079696229632
	intercept:	-3.696032981909249
	slope:	1.400899927782822
Fractal dimension: 1.400899927782822
