[33mCounting circles[0m
17%		0.00681797s remaining
33%		0.002974452s remaining
50%		0.001549899s remaining
67%		0.000799415s remaining
83%		0.000342504s remaining

Took 0.001770578s to count circles

[33mDone counting circles![0m
sample points:
[505.0, 510.0, 515.0, 520.0, 525.0, 530.0, 535.0, 540.0, 545.0, 550.0, 555.0, 560.0, 565.0, 570.0, 575.0, 580.0, 585.0, 590.0, 595.0, 600.0, 605.0, 610.0, 615.0, 620.0, 625.0, 630.0, 635.0, 640.0, 645.0, 650.0, 655.0, 660.0, 665.0, 670.0, 675.0, 680.0, 685.0, 690.0, 695.0, 700.0, 705.0, 710.0, 715.0, 720.0, 725.0, 730.0, 735.0, 740.0, 745.0, 750.0, 755.0, 760.0, 765.0, 770.0, 775.0, 780.0, 785.0, 790.0, 795.0, 800.0, 805.0, 810.0, 815.0, 820.0, 825.0, 830.0, 835.0, 840.0, 845.0, 850.0, 855.0, 860.0, 865.0, 870.0, 875.0, 880.0, 885.0, 890.0, 895.0, 900.0, 905.0, 910.0, 915.0, 920.0, 925.0, 930.0, 935.0, 940.0, 945.0, 950.0, 955.0, 960.0, 965.0, 970.0, 975.0, 980.0, 985.0, 990.0, 995.0, 1000.0]

number of circles fewer than each of those sample points:
[261, 265, 266, 269, 274, 274, 275, 289, 291, 292, 298, 302, 305, 310, 314, 314, 319, 326, 326, 328, 334, 334, 335, 341, 344, 346, 350, 354, 355, 359, 363, 366, 371, 377, 378, 380, 392, 394, 398, 404, 405, 407, 416, 420, 420, 426, 431, 431, 436, 441, 442, 447, 456, 457, 458, 471, 477, 477, 479, 485, 485, 501, 502, 503, 509, 516, 516, 520, 530, 532, 533, 539, 545, 545, 552, 554, 555, 558, 561, 564, 567, 577, 580, 582, 592, 593, 594, 605, 608, 608, 612, 613, 614, 621, 626, 626, 628, 639, 641, 644]

[33mBuilt regression model![0m
Model info:
	r^2:		0.9986015234748118
	p-value:	0.0000000000000000000000000000000000000000000000000000000000000000000000000000000000000000000000000000000000000000000000000000000000000000000011031150490914901
	intercept:	-2.8300719864580617
	slope:	1.3478255818626024
Fractal dimension: 1.3478255818626024
