[33mCounting circles[0m
8%		0.013683351s remaining
17%		0.006882124s remaining
25%		0.004529676s remaining
33%		0.003256576s remaining
42%		0.002438177s remaining
50%		0.001881593s remaining
58%		0.00142193s remaining
67%		0.001064097s remaining
75%		0.000752216s remaining
83%		0.000475187s remaining
92%		0.000225454s remaining

Took 0.002583966s to count circles

[33mDone counting circles![0m
sample points:
[505.0, 510.0, 515.0, 520.0, 525.0, 530.0, 535.0, 540.0, 545.0, 550.0, 555.0, 560.0, 565.0, 570.0, 575.0, 580.0, 585.0, 590.0, 595.0, 600.0, 605.0, 610.0, 615.0, 620.0, 625.0, 630.0, 635.0, 640.0, 645.0, 650.0, 655.0, 660.0, 665.0, 670.0, 675.0, 680.0, 685.0, 690.0, 695.0, 700.0, 705.0, 710.0, 715.0, 720.0, 725.0, 730.0, 735.0, 740.0, 745.0, 750.0, 755.0, 760.0, 765.0, 770.0, 775.0, 780.0, 785.0, 790.0, 795.0, 800.0, 805.0, 810.0, 815.0, 820.0, 825.0, 830.0, 835.0, 840.0, 845.0, 850.0, 855.0, 860.0, 865.0, 870.0, 875.0, 880.0, 885.0, 890.0, 895.0, 900.0, 905.0, 910.0, 915.0, 920.0, 925.0, 930.0, 935.0, 940.0, 945.0, 950.0, 955.0, 960.0, 965.0, 970.0, 975.0, 980.0, 985.0, 990.0, 995.0, 1000.0]

number of circles fewer than each of those sample points:
[269, 272, 277, 278, 281, 285, 287, 289, 291, 298, 301, 305, 307, 313, 315, 321, 324, 329, 334, 337, 340, 348, 352, 353, 357, 359, 363, 371, 373, 377, 382, 392, 399, 403, 408, 415, 420, 421, 431, 436, 440, 444, 447, 451, 458, 462, 464, 469, 474, 475, 482, 489, 496, 499, 506, 515, 519, 522, 525, 533, 538, 542, 546, 551, 557, 559, 565, 570, 576, 582, 585, 587, 593, 598, 607, 612, 617, 623, 628, 635, 638, 645, 651, 653, 656, 659, 663, 668, 673, 680, 684, 690, 695, 700, 703, 709, 713, 718, 724, 728]

[33mBuilt regression model![0m
Model info:
	r^2:		0.9988595185620747
	p-value:	0.00000000000000000000000000000000000000000000000000000000000000000000000000000000000000000000000000000000000000000000000000000000000000000000000005044113206218799
	intercept:	-3.8606352126242336
	slope:	1.515036808841364
Fractal dimension: 1.515036808841364
