[33mCounting circles[0m
13%		748m 51.7297028039975s remaining
25%		642m 24.64527251599793s remaining
38%		535m 17.026333092999266s remaining
50%		428m 10.026220202998957s remaining
63%		321m 5.6546421499988355s remaining
75%		214m 1.758890278999388s remaining
88%		106m 59.79891451799995s remaining

Took 855m 49.0337315259967s to count circles

[33mDone counting circles![0m
sample points:
[202000000.0, 204000000.0, 206000000.0, 208000000.0, 210000000.0, 212000000.0, 214000000.0, 216000000.0, 218000000.0, 220000000.0, 222000000.0, 224000000.0, 226000000.0, 228000000.0, 230000000.0, 232000000.0, 234000000.0, 236000000.0, 238000000.0, 240000000.0, 242000000.0, 244000000.0, 246000000.0, 248000000.0, 250000000.0, 252000000.0, 254000000.0, 256000000.0, 258000000.0, 260000000.0, 262000000.0, 264000000.0, 266000000.0, 268000000.0, 270000000.0, 272000000.0, 274000000.0, 276000000.0, 278000000.0, 280000000.0, 282000000.0, 284000000.0, 286000000.0, 288000000.0, 290000000.0, 292000000.0, 294000000.0, 296000000.0, 298000000.0, 300000000.0, 302000000.0, 304000000.0, 306000000.0, 308000000.0, 310000000.0, 312000000.0, 314000000.0, 316000000.0, 318000000.0, 320000000.0, 322000000.0, 324000000.0, 326000000.0, 328000000.0, 330000000.0, 332000000.0, 334000000.0, 336000000.0, 338000000.0, 340000000.0, 342000000.0, 344000000.0, 346000000.0, 348000000.0, 350000000.0, 352000000.0, 354000000.0, 356000000.0, 358000000.0, 360000000.0, 362000000.0, 364000000.0, 366000000.0, 368000000.0, 370000000.0, 372000000.0, 374000000.0, 376000000.0, 378000000.0, 380000000.0, 382000000.0, 384000000.0, 386000000.0, 388000000.0, 390000000.0, 392000000.0, 394000000.0, 396000000.0, 398000000.0, 400000000.0]

number of circles fewer than each of those sample points:
[35906602207, 36434109480, 36964073767, 37496480132, 38031395022, 38568774706, 39108607054, 39650883090, 40195592661, 40742648350, 41292115006, 41843925993, 42398158416, 42954738636, 43513630354, 44074883828, 44638466848, 45204356878, 45772546437, 46343020201, 46915822232, 47490868159, 48068251351, 48647878325, 49229750402, 49813795668, 50400049073, 50988652977, 51579414070, 52172355448, 52767583808, 53364915494, 53964424003, 54566084912, 55169938172, 55775995191, 56384152308, 56994459739, 57606858678, 58221363262, 58838056865, 59456834092, 60077689374, 60700592344, 61325589458, 61952613851, 62581805481, 63213048335, 63846331805, 64481649058, 65119023676, 65758466900, 66399860672, 67043271659, 67688707598, 68336128862, 68985546583, 69636954200, 70290324599, 70945745594, 71603103189, 72262419047, 72923680566, 73586894203, 74252140872, 74919188594, 75588183516, 76259120630, 76932045422, 77606827304, 78283537407, 78962179586, 79642635389, 80325031537, 81009325035, 81695442668, 82383454351, 83073321304, 83765157050, 84458754444, 85154203132, 85851527917, 86550628304, 87251639480, 87954457844, 88659081987, 89365556530, 90073879470, 90783995100, 91495854618, 92209580226, 92925094658, 93642439695, 94361543588, 95082354628, 95805010142, 96529470180, 97255669370, 97983706215, 98713451139]

[33mBuilt regression model![0m
Model info:
	r^2:		0.9999999999722569
	p-value:	0
	intercept:	-4.0037989283362165
	slope:	1.4802506100223891
Fractal dimension: 1.4802506100223891
