[33mCounting circles[0m
8%		776m 56.94886168099765s remaining
17%		709m 39.23008608500095s remaining
25%		645m 8.478119427003548s remaining
33%		580m 28.87327054599882s remaining
42%		511m 35.392853391000244s remaining
50%		440m 42.078029192998656s remaining
58%		366m 56.768843295001716s remaining
67%		292m 8.24896811600047s remaining
75%		218m 16.88048096700004s remaining
83%		145m 4.416932423000617s remaining
92%		72m 21.29799496400028s remaining

Took 866m 25.121333219001826s to count circles

[33mDone counting circles![0m
sample points:
[202000000.0, 204000000.0, 206000000.0, 208000000.0, 210000000.0, 212000000.0, 214000000.0, 216000000.0, 218000000.0, 220000000.0, 222000000.0, 224000000.0, 226000000.0, 228000000.0, 230000000.0, 232000000.0, 234000000.0, 236000000.0, 238000000.0, 240000000.0, 242000000.0, 244000000.0, 246000000.0, 248000000.0, 250000000.0, 252000000.0, 254000000.0, 256000000.0, 258000000.0, 260000000.0, 262000000.0, 264000000.0, 266000000.0, 268000000.0, 270000000.0, 272000000.0, 274000000.0, 276000000.0, 278000000.0, 280000000.0, 282000000.0, 284000000.0, 286000000.0, 288000000.0, 290000000.0, 292000000.0, 294000000.0, 296000000.0, 298000000.0, 300000000.0, 302000000.0, 304000000.0, 306000000.0, 308000000.0, 310000000.0, 312000000.0, 314000000.0, 316000000.0, 318000000.0, 320000000.0, 322000000.0, 324000000.0, 326000000.0, 328000000.0, 330000000.0, 332000000.0, 334000000.0, 336000000.0, 338000000.0, 340000000.0, 342000000.0, 344000000.0, 346000000.0, 348000000.0, 350000000.0, 352000000.0, 354000000.0, 356000000.0, 358000000.0, 360000000.0, 362000000.0, 364000000.0, 366000000.0, 368000000.0, 370000000.0, 372000000.0, 374000000.0, 376000000.0, 378000000.0, 380000000.0, 382000000.0, 384000000.0, 386000000.0, 388000000.0, 390000000.0, 392000000.0, 394000000.0, 396000000.0, 398000000.0, 400000000.0]

number of circles fewer than each of those sample points:
[10907882780, 11056432995, 11205532066, 11355172264, 11505359973, 11656072471, 11807299494, 11959058402, 12111377801, 12264206385, 12417543919, 12571422397, 12725796254, 12880698662, 13036099110, 13191978010, 13348392567, 13505281528, 13662666533, 13820565650, 13978936946, 14137798615, 14297149828, 14456996728, 14617312888, 14778110547, 14939386369, 15101113697, 15263329517, 15426007900, 15589175629, 15752812066, 15916887077, 16081436483, 16246435459, 16411904646, 16577816653, 16744197004, 16911018878, 17078287568, 17245967316, 17414116511, 17582686598, 17751709904, 17921190994, 18091068741, 18261401414, 18432164896, 18603385488, 18775002780, 18947061208, 19119541942, 19292460269, 19465786357, 19639552860, 19813740337, 19988331429, 20163311222, 20338729583, 20514545174, 20690774908, 20867431873, 21044484018, 21221913459, 21399751890, 21578007457, 21756689691, 21935751951, 22115224496, 22295065864, 22475331089, 22655993461, 22837029032, 23018421959, 23200217856, 23382400889, 23565017328, 23747993865, 23931347618, 24115077927, 24299222062, 24483708271, 24668587158, 24853855810, 25039484270, 25225509939, 25411894406, 25598662988, 25785815505, 25973318161, 26161161897, 26349394957, 26537994633, 26726945480, 26916262692, 27105972956, 27296021541, 27486421712, 27677175259, 27868299029]

[33mBuilt regression model![0m
Model info:
	r^2:		0.9999999995591939
	p-value:	0
	intercept:	-3.1433527955789486
	slope:	1.3729565158086572
Fractal dimension: 1.3729565158086572
