[33mCounting circles[0m
17%		197m 15.458115659999748s remaining
33%		157m 47.75783947799937s remaining
50%		118m 26.76108453500001s remaining
67%		78m 56.917110946999856s remaining
83%		39m 28.404559554000116s remaining

Took 236m 51.74225298199963s to count circles

[33mDone counting circles![0m
sample points:
[202000000.0, 204000000.0, 206000000.0, 208000000.0, 210000000.0, 212000000.0, 214000000.0, 216000000.0, 218000000.0, 220000000.0, 222000000.0, 224000000.0, 226000000.0, 228000000.0, 230000000.0, 232000000.0, 234000000.0, 236000000.0, 238000000.0, 240000000.0, 242000000.0, 244000000.0, 246000000.0, 248000000.0, 250000000.0, 252000000.0, 254000000.0, 256000000.0, 258000000.0, 260000000.0, 262000000.0, 264000000.0, 266000000.0, 268000000.0, 270000000.0, 272000000.0, 274000000.0, 276000000.0, 278000000.0, 280000000.0, 282000000.0, 284000000.0, 286000000.0, 288000000.0, 290000000.0, 292000000.0, 294000000.0, 296000000.0, 298000000.0, 300000000.0, 302000000.0, 304000000.0, 306000000.0, 308000000.0, 310000000.0, 312000000.0, 314000000.0, 316000000.0, 318000000.0, 320000000.0, 322000000.0, 324000000.0, 326000000.0, 328000000.0, 330000000.0, 332000000.0, 334000000.0, 336000000.0, 338000000.0, 340000000.0, 342000000.0, 344000000.0, 346000000.0, 348000000.0, 350000000.0, 352000000.0, 354000000.0, 356000000.0, 358000000.0, 360000000.0, 362000000.0, 364000000.0, 366000000.0, 368000000.0, 370000000.0, 372000000.0, 374000000.0, 376000000.0, 378000000.0, 380000000.0, 382000000.0, 384000000.0, 386000000.0, 388000000.0, 390000000.0, 392000000.0, 394000000.0, 396000000.0, 398000000.0, 400000000.0]

number of circles fewer than each of those sample points:
[8005227301, 8111244213, 8217597554, 8324327771, 8431378685, 8538773902, 8646509293, 8754587951, 8862985328, 8971710487, 9080775763, 9190161525, 9299872646, 9409946763, 9520326206, 9631005968, 9742021914, 9853335587, 9964999515, 10076992004, 10189259959, 10301879339, 10414767225, 10527993200, 10641508957, 10755327813, 10869475420, 10983921608, 11098647956, 11213708673, 11329039908, 11444690694, 11560639067, 11676834787, 11793352123, 11910170677, 12027271900, 12144645732, 12262308507, 12380281871, 12498502763, 12616999080, 12735758364, 12854815814, 12974149965, 13093766164, 13213625325, 13333761605, 13454177771, 13574889182, 13695893481, 13817165573, 13938704640, 14060481106, 14182515631, 14304831629, 14427420686, 14550260297, 14673383104, 14796703271, 14920307403, 15044184198, 15168306991, 15292726093, 15417373975, 15542244793, 15667402236, 15792785079, 15918449809, 16044351695, 16170477818, 16296861590, 16423505093, 16550418862, 16677547844, 16804940962, 16932548183, 17060437779, 17188566193, 17316932395, 17445514847, 17574343415, 17703414546, 17832731349, 17962272072, 18092031887, 18222012364, 18352247540, 18482724350, 18613460055, 18744379877, 18875561381, 19006928047, 19138554717, 19270404988, 19402508298, 19534795655, 19667338626, 19800101401, 19933103590]

[33mBuilt regression model![0m
Model info:
	r^2:		0.9999999997364063
	p-value:	0
	intercept:	-2.732973011859677
	slope:	1.3353181196497264
Fractal dimension: 1.3353181196497264
