[33mCounting circles[0m
17%		2.59344165s remaining
33%		2.073649686s remaining
50%		1.296731447s remaining
67%		0.915154585s remaining
83%		0.417237005s remaining

Took 2.620773824s to count circles

[33mDone counting circles![0m
sample points:
[505000.0, 510000.0, 515000.0, 520000.0, 525000.0, 530000.0, 535000.0, 540000.0, 545000.0, 550000.0, 555000.0, 560000.0, 565000.0, 570000.0, 575000.0, 580000.0, 585000.0, 590000.0, 595000.0, 600000.0, 605000.0, 610000.0, 615000.0, 620000.0, 625000.0, 630000.0, 635000.0, 640000.0, 645000.0, 650000.0, 655000.0, 660000.0, 665000.0, 670000.0, 675000.0, 680000.0, 685000.0, 690000.0, 695000.0, 700000.0, 705000.0, 710000.0, 715000.0, 720000.0, 725000.0, 730000.0, 735000.0, 740000.0, 745000.0, 750000.0, 755000.0, 760000.0, 765000.0, 770000.0, 775000.0, 780000.0, 785000.0, 790000.0, 795000.0, 800000.0, 805000.0, 810000.0, 815000.0, 820000.0, 825000.0, 830000.0, 835000.0, 840000.0, 845000.0, 850000.0, 855000.0, 860000.0, 865000.0, 870000.0, 875000.0, 880000.0, 885000.0, 890000.0, 895000.0, 900000.0, 905000.0, 910000.0, 915000.0, 920000.0, 925000.0, 930000.0, 935000.0, 940000.0, 945000.0, 950000.0, 955000.0, 960000.0, 965000.0, 970000.0, 975000.0, 980000.0, 985000.0, 990000.0, 995000.0, 1000000.0]

number of circles fewer than each of those sample points:
[1592956, 1614330, 1635522, 1656802, 1677878, 1699130, 1720190, 1741968, 1763792, 1785459, 1807380, 1828981, 1851240, 1873294, 1895632, 1917463, 1939388, 1961677, 1983574, 2006083, 2028644, 2050970, 2073314, 2095570, 2118640, 2141106, 2163890, 2186808, 2209394, 2232312, 2254946, 2277896, 2301220, 2324496, 2347941, 2371188, 2394380, 2417893, 2441484, 2465319, 2489057, 2513020, 2536302, 2560016, 2583968, 2607716, 2631874, 2656082, 2680138, 2704232, 2728454, 2752602, 2777003, 2800878, 2825161, 2849834, 2874270, 2898890, 2923396, 2947674, 2972138, 2997111, 3021842, 3046664, 3071556, 3096862, 3121648, 3146869, 3172152, 3197168, 3222700, 3247838, 3273304, 3298573, 3323926, 3349278, 3374798, 3400340, 3425300, 3451047, 3477020, 3502787, 3528415, 3553774, 3579836, 3605911, 3631795, 3658138, 3684150, 3709934, 3736251, 3762826, 3789134, 3815550, 3841752, 3867958, 3894398, 3920548, 3947196, 3973619]

[33mBuilt regression model![0m
Model info:
	r^2:		0.999999712736574
	p-value:	0
	intercept:	-3.292497585451507
	slope:	1.338185383960637
Fractal dimension: 1.338185383960637
