[33mCounting circles[0m
17%		6.068041345s remaining
33%		4.015532552s remaining
50%		2.426381839s remaining
67%		1.422006895s remaining
83%		0.727179525s remaining

Took 4.013725088s to count circles

[33mDone counting circles![0m
sample points:
[505000.0, 510000.0, 515000.0, 520000.0, 525000.0, 530000.0, 535000.0, 540000.0, 545000.0, 550000.0, 555000.0, 560000.0, 565000.0, 570000.0, 575000.0, 580000.0, 585000.0, 590000.0, 595000.0, 600000.0, 605000.0, 610000.0, 615000.0, 620000.0, 625000.0, 630000.0, 635000.0, 640000.0, 645000.0, 650000.0, 655000.0, 660000.0, 665000.0, 670000.0, 675000.0, 680000.0, 685000.0, 690000.0, 695000.0, 700000.0, 705000.0, 710000.0, 715000.0, 720000.0, 725000.0, 730000.0, 735000.0, 740000.0, 745000.0, 750000.0, 755000.0, 760000.0, 765000.0, 770000.0, 775000.0, 780000.0, 785000.0, 790000.0, 795000.0, 800000.0, 805000.0, 810000.0, 815000.0, 820000.0, 825000.0, 830000.0, 835000.0, 840000.0, 845000.0, 850000.0, 855000.0, 860000.0, 865000.0, 870000.0, 875000.0, 880000.0, 885000.0, 890000.0, 895000.0, 900000.0, 905000.0, 910000.0, 915000.0, 920000.0, 925000.0, 930000.0, 935000.0, 940000.0, 945000.0, 950000.0, 955000.0, 960000.0, 965000.0, 970000.0, 975000.0, 980000.0, 985000.0, 990000.0, 995000.0, 1000000.0]

number of circles fewer than each of those sample points:
[2447620, 2479473, 2511390, 2543657, 2575875, 2608273, 2640918, 2673851, 2706331, 2739147, 2772055, 2805366, 2838409, 2871917, 2905419, 2939139, 2972455, 3006117, 3040130, 3074111, 3108121, 3142515, 3176555, 3211184, 3245492, 3279837, 3314408, 3349128, 3383789, 3418686, 3453569, 3488368, 3523772, 3558913, 3594013, 3629131, 3664349, 3700048, 3735572, 3771044, 3806923, 3842582, 3878108, 3914072, 3950219, 3986391, 4022625, 4059039, 4095552, 4131828, 4168251, 4204924, 4241568, 4278217, 4314996, 4352046, 4389307, 4426348, 4463205, 4500313, 4537730, 4575493, 4612860, 4650503, 4688138, 4726125, 4763869, 4801658, 4839558, 4877275, 4915100, 4953352, 4991442, 5029613, 5068257, 5106579, 5145306, 5184175, 5222525, 5261346, 5299839, 5338446, 5377516, 5416436, 5455243, 5494392, 5533609, 5572880, 5611974, 5651237, 5690347, 5729800, 5769155, 5808643, 5848698, 5888603, 5928625, 5968366, 6008440, 6047893]

[33mBuilt regression model![0m
Model info:
	r^2:		0.9999998571269909
	p-value:	0
	intercept:	-2.6877210608702597
	slope:	1.324821631572518
Fractal dimension: 1.324821631572518
