[33mCounting circles[0m
8%		20.870484613s remaining
17%		18.962199155s remaining
25%		17.067286908s remaining
33%		15.168424448s remaining
42%		13.277097965s remaining
50%		11.379851965s remaining
58%		9.484173978s remaining
67%		7.588331357s remaining
75%		5.690288208s remaining
83%		3.7930902509999997s remaining
92%		1.896616049s remaining

Took 22.758804284s to count circles

[33mDone counting circles![0m
sample points:
[505000.0, 510000.0, 515000.0, 520000.0, 525000.0, 530000.0, 535000.0, 540000.0, 545000.0, 550000.0, 555000.0, 560000.0, 565000.0, 570000.0, 575000.0, 580000.0, 585000.0, 590000.0, 595000.0, 600000.0, 605000.0, 610000.0, 615000.0, 620000.0, 625000.0, 630000.0, 635000.0, 640000.0, 645000.0, 650000.0, 655000.0, 660000.0, 665000.0, 670000.0, 675000.0, 680000.0, 685000.0, 690000.0, 695000.0, 700000.0, 705000.0, 710000.0, 715000.0, 720000.0, 725000.0, 730000.0, 735000.0, 740000.0, 745000.0, 750000.0, 755000.0, 760000.0, 765000.0, 770000.0, 775000.0, 780000.0, 785000.0, 790000.0, 795000.0, 800000.0, 805000.0, 810000.0, 815000.0, 820000.0, 825000.0, 830000.0, 835000.0, 840000.0, 845000.0, 850000.0, 855000.0, 860000.0, 865000.0, 870000.0, 875000.0, 880000.0, 885000.0, 890000.0, 895000.0, 900000.0, 905000.0, 910000.0, 915000.0, 920000.0, 925000.0, 930000.0, 935000.0, 940000.0, 945000.0, 950000.0, 955000.0, 960000.0, 965000.0, 970000.0, 975000.0, 980000.0, 985000.0, 990000.0, 995000.0, 1000000.0]

number of circles fewer than each of those sample points:
[6178305, 6267546, 6356776, 6446593, 6536868, 6627924, 6719373, 6811064, 6902833, 6994948, 7087424, 7180651, 7274017, 7367752, 7461471, 7556128, 7650923, 7746020, 7842064, 7937665, 8033444, 8129964, 8227504, 8324410, 8422243, 8520299, 8618064, 8716880, 8816329, 8916260, 9016762, 9117638, 9218210, 9319048, 9419858, 9521393, 9623331, 9725436, 9827865, 9930954, 10034553, 10138158, 10242247, 10346905, 10451011, 10556461, 10661575, 10767613, 10873870, 10979737, 11086770, 11193227, 11300184, 11407715, 11514540, 11622403, 11730876, 11839584, 11948349, 12058730, 12168347, 12278514, 12388985, 12499741, 12610941, 12722333, 12833695, 12945784, 13057916, 13170471, 13283397, 13396364, 13509756, 13623018, 13737508, 13851250, 13965696, 14080278, 14195041, 14310484, 14426055, 14541997, 14657998, 14774664, 14891145, 15007527, 15124083, 15241699, 15359691, 15477663, 15595606, 15714200, 15832995, 15951993, 16071605, 16191315, 16311455, 16431651, 16552371, 16673934]

[33mBuilt regression model![0m
Model info:
	r^2:		0.9999998805937469
	p-value:	0
	intercept:	-3.4494097273527657
	slope:	1.4533641114322406
Fractal dimension: 1.4533641114322406
