[33mCounting circles[0m
7%		5.453954948s remaining
14%		5.016407208s remaining
21%		4.599413459s remaining
29%		4.178736385s remaining
36%		4.722531825s remaining
43%		4.770042722s remaining
50%		4.532793606s remaining
57%		4.116048575s remaining
64%		3.280389665s remaining
71%		2.528660944s remaining
79%		1.838043477s remaining
86%		1.282045181s remaining
93%		0.623843869s remaining

Took 9.061268703s to count circles

[33mDone counting circles![0m
sample points:
[505000.0, 510000.0, 515000.0, 520000.0, 525000.0, 530000.0, 535000.0, 540000.0, 545000.0, 550000.0, 555000.0, 560000.0, 565000.0, 570000.0, 575000.0, 580000.0, 585000.0, 590000.0, 595000.0, 600000.0, 605000.0, 610000.0, 615000.0, 620000.0, 625000.0, 630000.0, 635000.0, 640000.0, 645000.0, 650000.0, 655000.0, 660000.0, 665000.0, 670000.0, 675000.0, 680000.0, 685000.0, 690000.0, 695000.0, 700000.0, 705000.0, 710000.0, 715000.0, 720000.0, 725000.0, 730000.0, 735000.0, 740000.0, 745000.0, 750000.0, 755000.0, 760000.0, 765000.0, 770000.0, 775000.0, 780000.0, 785000.0, 790000.0, 795000.0, 800000.0, 805000.0, 810000.0, 815000.0, 820000.0, 825000.0, 830000.0, 835000.0, 840000.0, 845000.0, 850000.0, 855000.0, 860000.0, 865000.0, 870000.0, 875000.0, 880000.0, 885000.0, 890000.0, 895000.0, 900000.0, 905000.0, 910000.0, 915000.0, 920000.0, 925000.0, 930000.0, 935000.0, 940000.0, 945000.0, 950000.0, 955000.0, 960000.0, 965000.0, 970000.0, 975000.0, 980000.0, 985000.0, 990000.0, 995000.0, 1000000.0]

number of circles fewer than each of those sample points:
[2796578, 2838009, 2879620, 2921476, 2963138, 3005236, 3047065, 3089550, 3132466, 3175840, 3219086, 3262412, 3305396, 3349321, 3393108, 3437934, 3482273, 3526677, 3571365, 3615857, 3660982, 3705732, 3751168, 3797362, 3842865, 3888479, 3934392, 3979758, 4026214, 4073137, 4120348, 4166879, 4214008, 4261366, 4308996, 4356334, 4404237, 4452709, 4500956, 4549221, 4597916, 4646063, 4694981, 4743862, 4793166, 4842493, 4892386, 4941488, 4991391, 5041524, 5091017, 5141514, 5191884, 5242494, 5293988, 5344881, 5396322, 5447433, 5499116, 5550190, 5601848, 5653540, 5705266, 5757876, 5810404, 5862749, 5915646, 5968402, 6021030, 6074338, 6127775, 6181406, 6235216, 6288819, 6342812, 6396692, 6450849, 6504436, 6558872, 6613048, 6667940, 6722918, 6777312, 6832360, 6887828, 6943246, 6999566, 7055390, 7111162, 7167416, 7224122, 7280703, 7337573, 7394426, 7451169, 7507915, 7565103, 7622428, 7679621, 7737271]

[33mBuilt regression model![0m
Model info:
	r^2:		0.9999998503577744
	p-value:	0
	intercept:	-4.715806606333423
	slope:	1.4894426948921908
Fractal dimension: 1.4894426948921908
