[33mCounting circles[0m
7%		0.027877382s remaining
14%		0.012975516s remaining
21%		0.008259683s remaining
29%		0.005835095s remaining
36%		0.004491374s remaining
43%		0.003564777s remaining
50%		0.002859182s remaining
57%		0.002255085s remaining
64%		0.001697731s remaining
71%		0.001256918s remaining
79%		0.000881779s remaining
86%		0.00056672s remaining
93%		0.000267355s remaining

Took 0.003630207s to count circles

[33mDone counting circles![0m
sample points:
[505.0, 510.0, 515.0, 520.0, 525.0, 530.0, 535.0, 540.0, 545.0, 550.0, 555.0, 560.0, 565.0, 570.0, 575.0, 580.0, 585.0, 590.0, 595.0, 600.0, 605.0, 610.0, 615.0, 620.0, 625.0, 630.0, 635.0, 640.0, 645.0, 650.0, 655.0, 660.0, 665.0, 670.0, 675.0, 680.0, 685.0, 690.0, 695.0, 700.0, 705.0, 710.0, 715.0, 720.0, 725.0, 730.0, 735.0, 740.0, 745.0, 750.0, 755.0, 760.0, 765.0, 770.0, 775.0, 780.0, 785.0, 790.0, 795.0, 800.0, 805.0, 810.0, 815.0, 820.0, 825.0, 830.0, 835.0, 840.0, 845.0, 850.0, 855.0, 860.0, 865.0, 870.0, 875.0, 880.0, 885.0, 890.0, 895.0, 900.0, 905.0, 910.0, 915.0, 920.0, 925.0, 930.0, 935.0, 940.0, 945.0, 950.0, 955.0, 960.0, 965.0, 970.0, 975.0, 980.0, 985.0, 990.0, 995.0, 1000.0]

number of circles fewer than each of those sample points:
[102, 106, 108, 108, 108, 108, 110, 112, 112, 112, 116, 116, 118, 120, 120, 120, 124, 124, 126, 126, 130, 134, 138, 138, 138, 140, 140, 140, 140, 144, 144, 144, 144, 144, 146, 150, 150, 150, 150, 152, 155, 158, 160, 162, 164, 166, 168, 168, 170, 175, 180, 186, 186, 186, 188, 188, 190, 192, 192, 194, 198, 200, 200, 204, 205, 208, 208, 209, 210, 214, 214, 214, 216, 216, 216, 218, 218, 218, 220, 222, 222, 222, 226, 228, 228, 230, 230, 240, 242, 244, 246, 246, 248, 250, 252, 252, 254, 254, 256, 256]

[33mBuilt regression model![0m
Model info:
	r^2:		0.9942489157790717
	p-value:	0.0000000000000000000000000000000000000000000000000000000000000000000000000000000000000000000000000000000000000013620188587627486
	intercept:	-3.9576914809749666
	slope:	1.3778335922856897
Fractal dimension: 1.3778335922856897
