[33mCounting circles[0m
13%		1m 23.543865916s remaining
25%		1m 11.606049705000004s remaining
38%		59.659300823s remaining
50%		47.722955502s remaining
63%		35.78743337s remaining
75%		23.857478891s remaining
88%		11.928390182s remaining

Took 1m 35.421574705s to count circles

[33mDone counting circles![0m
sample points:
[2525000.0, 2550000.0, 2575000.0, 2600000.0, 2625000.0, 2650000.0, 2675000.0, 2700000.0, 2725000.0, 2750000.0, 2775000.0, 2800000.0, 2825000.0, 2850000.0, 2875000.0, 2900000.0, 2925000.0, 2950000.0, 2975000.0, 3000000.0, 3025000.0, 3050000.0, 3075000.0, 3100000.0, 3125000.0, 3150000.0, 3175000.0, 3200000.0, 3225000.0, 3250000.0, 3275000.0, 3300000.0, 3325000.0, 3350000.0, 3375000.0, 3400000.0, 3425000.0, 3450000.0, 3475000.0, 3500000.0, 3525000.0, 3550000.0, 3575000.0, 3600000.0, 3625000.0, 3650000.0, 3675000.0, 3700000.0, 3725000.0, 3750000.0, 3775000.0, 3800000.0, 3825000.0, 3850000.0, 3875000.0, 3900000.0, 3925000.0, 3950000.0, 3975000.0, 4000000.0, 4025000.0, 4050000.0, 4075000.0, 4100000.0, 4125000.0, 4150000.0, 4175000.0, 4200000.0, 4225000.0, 4250000.0, 4275000.0, 4300000.0, 4325000.0, 4350000.0, 4375000.0, 4400000.0, 4425000.0, 4450000.0, 4475000.0, 4500000.0, 4525000.0, 4550000.0, 4575000.0, 4600000.0, 4625000.0, 4650000.0, 4675000.0, 4700000.0, 4725000.0, 4750000.0, 4775000.0, 4800000.0, 4825000.0, 4850000.0, 4875000.0, 4900000.0, 4925000.0, 4950000.0, 4975000.0, 5000000.0]

number of circles fewer than each of those sample points:
[54715954, 55519683, 56327632, 57139495, 57955675, 58775255, 59595691, 60424166, 61254536, 62086666, 62923588, 63764252, 64609841, 65456971, 66309181, 67162506, 68022363, 68886293, 69752075, 70620990, 71491397, 72368080, 73249819, 74134313, 75021465, 75910291, 76804257, 77700402, 78600141, 79504795, 80412950, 81323042, 82237335, 83153003, 84073425, 84995790, 85925326, 86854016, 87787179, 88725561, 89663409, 90604337, 91549938, 92497762, 93448068, 94402193, 95361352, 96323101, 97290073, 98256934, 99228877, 100203578, 101179844, 102161121, 103146076, 104132478, 105123685, 106113095, 107109647, 108108298, 109110552, 110116026, 111123450, 112134572, 113147274, 114163237, 115183565, 116206100, 117231635, 118261410, 119295941, 120327484, 121366203, 122406495, 123448644, 124491155, 125541830, 126594683, 127648355, 128706466, 129767968, 130829795, 131896136, 132961016, 134031509, 135107982, 136186324, 137267484, 138350020, 139435061, 140523423, 141612291, 142704041, 143801703, 144902274, 145999583, 147103727, 148211588, 149318673, 150428680]

[33mBuilt regression model![0m
Model info:
	r^2:		0.9999999914002383
	p-value:	0
	intercept:	-4.004326157975811
	slope:	1.4802852687982206
Fractal dimension: 1.4802852687982206
