[33mCounting circles[0m
8%		2m 19.789940642000005s remaining
17%		2m 6.825529524999993s remaining
25%		1m 54.061698132000004s remaining
33%		1m 41.317404544s remaining
42%		1m 28.643071414000005s remaining
50%		1m 15.966760743999998s remaining
58%		1m 3.297880884999998s remaining
67%		50.634331662s remaining
75%		37.969665878s remaining
83%		25.311471287s remaining
92%		12.65514402s remaining

Took 2m 31.85619235499999s to count circles

[33mDone counting circles![0m
sample points:
[2525000.0, 2550000.0, 2575000.0, 2600000.0, 2625000.0, 2650000.0, 2675000.0, 2700000.0, 2725000.0, 2750000.0, 2775000.0, 2800000.0, 2825000.0, 2850000.0, 2875000.0, 2900000.0, 2925000.0, 2950000.0, 2975000.0, 3000000.0, 3025000.0, 3050000.0, 3075000.0, 3100000.0, 3125000.0, 3150000.0, 3175000.0, 3200000.0, 3225000.0, 3250000.0, 3275000.0, 3300000.0, 3325000.0, 3350000.0, 3375000.0, 3400000.0, 3425000.0, 3450000.0, 3475000.0, 3500000.0, 3525000.0, 3550000.0, 3575000.0, 3600000.0, 3625000.0, 3650000.0, 3675000.0, 3700000.0, 3725000.0, 3750000.0, 3775000.0, 3800000.0, 3825000.0, 3850000.0, 3875000.0, 3900000.0, 3925000.0, 3950000.0, 3975000.0, 4000000.0, 4025000.0, 4050000.0, 4075000.0, 4100000.0, 4125000.0, 4150000.0, 4175000.0, 4200000.0, 4225000.0, 4250000.0, 4275000.0, 4300000.0, 4325000.0, 4350000.0, 4375000.0, 4400000.0, 4425000.0, 4450000.0, 4475000.0, 4500000.0, 4525000.0, 4550000.0, 4575000.0, 4600000.0, 4625000.0, 4650000.0, 4675000.0, 4700000.0, 4725000.0, 4750000.0, 4775000.0, 4800000.0, 4825000.0, 4850000.0, 4875000.0, 4900000.0, 4925000.0, 4950000.0, 4975000.0, 5000000.0]

number of circles fewer than each of those sample points:
[26598861, 26961671, 27325335, 27690163, 28056066, 28424621, 28793563, 29164343, 29535103, 29907560, 30281689, 30656520, 31032415, 31410946, 31790036, 32170913, 32552738, 32935591, 33319342, 33704322, 34090698, 34478119, 34866517, 35255861, 35647229, 36039836, 36433413, 36827355, 37222265, 37618215, 38015970, 38415048, 38816087, 39217509, 39619748, 40022668, 40427650, 40833099, 41239984, 41647670, 42056082, 42465903, 42876331, 43287930, 43699936, 44114235, 44528969, 44945125, 45362100, 45781378, 46201711, 46622515, 47043488, 47465840, 47889879, 48314684, 48739169, 49166937, 49594258, 50022122, 50451608, 50882232, 51313169, 51745720, 52178834, 52613790, 53049216, 53486461, 53924163, 54361739, 54799602, 55239959, 55680897, 56123332, 56566729, 57010375, 57454396, 57900750, 58346358, 58794097, 59242789, 59692178, 60142982, 60594616, 61047384, 61501590, 61955638, 62410687, 62868086, 63324635, 63783244, 64241593, 64701471, 65162078, 65624502, 66088388, 66552141, 67017184, 67482846, 67948690]

[33mBuilt regression model![0m
Model info:
	r^2:		0.9999999654515446
	p-value:	0
	intercept:	-3.137063280158088
	slope:	1.3725356174024972
Fractal dimension: 1.3725356174024972
