[33mCounting circles[0m
17%		41.31047941s remaining
33%		33.047328825s remaining
50%		24.784346286s remaining
67%		16.523202312s remaining
83%		8.261142823s remaining

Took 49.569817152s to count circles

[33mDone counting circles![0m
sample points:
[2525000.0, 2550000.0, 2575000.0, 2600000.0, 2625000.0, 2650000.0, 2675000.0, 2700000.0, 2725000.0, 2750000.0, 2775000.0, 2800000.0, 2825000.0, 2850000.0, 2875000.0, 2900000.0, 2925000.0, 2950000.0, 2975000.0, 3000000.0, 3025000.0, 3050000.0, 3075000.0, 3100000.0, 3125000.0, 3150000.0, 3175000.0, 3200000.0, 3225000.0, 3250000.0, 3275000.0, 3300000.0, 3325000.0, 3350000.0, 3375000.0, 3400000.0, 3425000.0, 3450000.0, 3475000.0, 3500000.0, 3525000.0, 3550000.0, 3575000.0, 3600000.0, 3625000.0, 3650000.0, 3675000.0, 3700000.0, 3725000.0, 3750000.0, 3775000.0, 3800000.0, 3825000.0, 3850000.0, 3875000.0, 3900000.0, 3925000.0, 3950000.0, 3975000.0, 4000000.0, 4025000.0, 4050000.0, 4075000.0, 4100000.0, 4125000.0, 4150000.0, 4175000.0, 4200000.0, 4225000.0, 4250000.0, 4275000.0, 4300000.0, 4325000.0, 4350000.0, 4375000.0, 4400000.0, 4425000.0, 4450000.0, 4475000.0, 4500000.0, 4525000.0, 4550000.0, 4575000.0, 4600000.0, 4625000.0, 4650000.0, 4675000.0, 4700000.0, 4725000.0, 4750000.0, 4775000.0, 4800000.0, 4825000.0, 4850000.0, 4875000.0, 4900000.0, 4925000.0, 4950000.0, 4975000.0, 5000000.0]

number of circles fewer than each of those sample points:
[23017739, 23322172, 23628083, 23935876, 24244300, 24552714, 24864839, 25176604, 25488840, 25802224, 26115270, 26431333, 26747265, 27063810, 27381747, 27701116, 28020946, 28340716, 28662491, 28983100, 29306005, 29628946, 29953651, 30278798, 30604869, 30932532, 31259618, 31588398, 31916901, 32248884, 32580231, 32914210, 33246705, 33580472, 33915107, 34251218, 34588059, 34924608, 35262524, 35600558, 35939783, 36280892, 36621609, 36966032, 37307920, 37652098, 37997479, 38344072, 38690865, 39039962, 39387936, 39736914, 40087241, 40437106, 40789001, 41139770, 41493312, 41845002, 42200005, 42556110, 42910723, 43266120, 43622876, 43980112, 44339592, 44698218, 45060703, 45421778, 45783245, 46143307, 46506957, 46869180, 47232901, 47596744, 47962124, 48328120, 48694209, 49060850, 49428461, 49797888, 50165308, 50534880, 50904444, 51275190, 51649373, 52022350, 52396734, 52772246, 53146700, 53522168, 53899077, 54277868, 54657186, 55036302, 55414618, 55794174, 56175520, 56557974, 56939109, 57321940]

[33mBuilt regression model![0m
Model info:
	r^2:		0.9999999102772524
	p-value:	0
	intercept:	-2.7314868971336246
	slope:	1.3352181431530956
Fractal dimension: 1.3352181431530956
