[33mCounting circles[0m
7%		0.042494777s remaining
14%		0.02045433s remaining
21%		0.01281823s remaining
29%		0.008947262s remaining
36%		0.006654675s remaining
43%		0.005160286s remaining
50%		0.004046055s remaining
57%		0.003151526s remaining
64%		0.00240575s remaining
71%		0.001764838s remaining
79%		0.001226752s remaining
86%		0.000769625s remaining
93%		0.000366559s remaining

Took 0.004915561s to count circles

[33mDone counting circles![0m
sample points:
[505.0, 510.0, 515.0, 520.0, 525.0, 530.0, 535.0, 540.0, 545.0, 550.0, 555.0, 560.0, 565.0, 570.0, 575.0, 580.0, 585.0, 590.0, 595.0, 600.0, 605.0, 610.0, 615.0, 620.0, 625.0, 630.0, 635.0, 640.0, 645.0, 650.0, 655.0, 660.0, 665.0, 670.0, 675.0, 680.0, 685.0, 690.0, 695.0, 700.0, 705.0, 710.0, 715.0, 720.0, 725.0, 730.0, 735.0, 740.0, 745.0, 750.0, 755.0, 760.0, 765.0, 770.0, 775.0, 780.0, 785.0, 790.0, 795.0, 800.0, 805.0, 810.0, 815.0, 820.0, 825.0, 830.0, 835.0, 840.0, 845.0, 850.0, 855.0, 860.0, 865.0, 870.0, 875.0, 880.0, 885.0, 890.0, 895.0, 900.0, 905.0, 910.0, 915.0, 920.0, 925.0, 930.0, 935.0, 940.0, 945.0, 950.0, 955.0, 960.0, 965.0, 970.0, 975.0, 980.0, 985.0, 990.0, 995.0, 1000.0]

number of circles fewer than each of those sample points:
[153, 154, 157, 160, 161, 161, 164, 166, 170, 171, 175, 176, 178, 180, 182, 183, 184, 190, 191, 193, 195, 195, 197, 199, 201, 202, 203, 205, 206, 209, 211, 215, 217, 222, 225, 228, 229, 232, 232, 236, 241, 243, 244, 245, 246, 250, 251, 256, 257, 259, 263, 264, 266, 269, 271, 277, 281, 282, 283, 286, 289, 289, 293, 297, 297, 299, 301, 307, 309, 312, 320, 323, 324, 326, 332, 335, 337, 341, 344, 347, 350, 355, 360, 364, 368, 369, 374, 375, 377, 381, 385, 387, 390, 394, 397, 399, 403, 406, 408, 413]

[33mBuilt regression model![0m
Model info:
	r^2:		0.9961227769151024
	p-value:	0.000000000000000000000000000000000000000000000000000000000000000000000000000000000000000000000000000000000000000000000005540698439922572
	intercept:	-4.0846071915324575
	slope:	1.4595189162350715
Fractal dimension: 1.4595189162350715
