[33mCounting circles[0m
8%		0.029176158s remaining
17%		0.01392369s remaining
25%		0.008650914s remaining
33%		0.005999322s remaining
42%		0.004420024s remaining
50%		0.003317986s remaining
58%		0.002471321s remaining
67%		0.001793655s remaining
75%		0.001233487s remaining
83%		0.000763617s remaining
92%		0.000359679s remaining

Took 0.004099588s to count circles

[33mDone counting circles![0m
sample points:
[505.0, 510.0, 515.0, 520.0, 525.0, 530.0, 535.0, 540.0, 545.0, 550.0, 555.0, 560.0, 565.0, 570.0, 575.0, 580.0, 585.0, 590.0, 595.0, 600.0, 605.0, 610.0, 615.0, 620.0, 625.0, 630.0, 635.0, 640.0, 645.0, 650.0, 655.0, 660.0, 665.0, 670.0, 675.0, 680.0, 685.0, 690.0, 695.0, 700.0, 705.0, 710.0, 715.0, 720.0, 725.0, 730.0, 735.0, 740.0, 745.0, 750.0, 755.0, 760.0, 765.0, 770.0, 775.0, 780.0, 785.0, 790.0, 795.0, 800.0, 805.0, 810.0, 815.0, 820.0, 825.0, 830.0, 835.0, 840.0, 845.0, 850.0, 855.0, 860.0, 865.0, 870.0, 875.0, 880.0, 885.0, 890.0, 895.0, 900.0, 905.0, 910.0, 915.0, 920.0, 925.0, 930.0, 935.0, 940.0, 945.0, 950.0, 955.0, 960.0, 965.0, 970.0, 975.0, 980.0, 985.0, 990.0, 995.0, 1000.0]

number of circles fewer than each of those sample points:
[159, 161, 162, 163, 165, 169, 172, 172, 172, 174, 177, 182, 184, 185, 185, 186, 188, 189, 194, 195, 199, 199, 199, 200, 204, 209, 210, 212, 212, 213, 214, 214, 218, 221, 221, 222, 225, 232, 237, 237, 238, 240, 243, 250, 254, 259, 259, 263, 264, 266, 268, 271, 273, 276, 278, 280, 280, 285, 290, 291, 298, 302, 304, 307, 308, 309, 309, 310, 314, 320, 323, 325, 329, 331, 335, 343, 344, 347, 348, 349, 351, 354, 358, 361, 363, 364, 368, 371, 377, 380, 382, 385, 389, 393, 397, 400, 404, 410, 411, 414]

[33mBuilt regression model![0m
Model info:
	r^2:		0.9953512016331566
	p-value:	0.00000000000000000000000000000000000000000000000000000000000000000000000000000000000000000000000000000000000000000004035575510580063
	intercept:	-3.838810797721741
	slope:	1.4244274366080378
Fractal dimension: 1.4244274366080378
