[33mCounting circles[0m
6%		0.05958066s remaining
13%		0.028833594s remaining
19%		0.018329267s remaining
25%		0.012880656s remaining
31%		0.009608757s remaining
38%		0.007478035s remaining
44%		0.006011256s remaining
50%		0.004869129s remaining
56%		0.00390944s remaining
63%		0.003090534s remaining
69%		0.002380921s remaining
75%		0.001768848s remaining
81%		0.001240387s remaining
88%		0.000784861s remaining
94%		0.00037695s remaining

Took 0.005821586s to count circles

[33mDone counting circles![0m
sample points:
[505.0, 510.0, 515.0, 520.0, 525.0, 530.0, 535.0, 540.0, 545.0, 550.0, 555.0, 560.0, 565.0, 570.0, 575.0, 580.0, 585.0, 590.0, 595.0, 600.0, 605.0, 610.0, 615.0, 620.0, 625.0, 630.0, 635.0, 640.0, 645.0, 650.0, 655.0, 660.0, 665.0, 670.0, 675.0, 680.0, 685.0, 690.0, 695.0, 700.0, 705.0, 710.0, 715.0, 720.0, 725.0, 730.0, 735.0, 740.0, 745.0, 750.0, 755.0, 760.0, 765.0, 770.0, 775.0, 780.0, 785.0, 790.0, 795.0, 800.0, 805.0, 810.0, 815.0, 820.0, 825.0, 830.0, 835.0, 840.0, 845.0, 850.0, 855.0, 860.0, 865.0, 870.0, 875.0, 880.0, 885.0, 890.0, 895.0, 900.0, 905.0, 910.0, 915.0, 920.0, 925.0, 930.0, 935.0, 940.0, 945.0, 950.0, 955.0, 960.0, 965.0, 970.0, 975.0, 980.0, 985.0, 990.0, 995.0, 1000.0]

number of circles fewer than each of those sample points:
[144, 146, 149, 149, 155, 156, 159, 160, 162, 163, 165, 167, 169, 175, 176, 178, 181, 183, 187, 188, 189, 192, 193, 193, 197, 200, 202, 205, 206, 210, 212, 213, 215, 217, 220, 222, 224, 225, 227, 229, 230, 232, 236, 238, 240, 242, 246, 249, 249, 255, 259, 263, 267, 267, 269, 276, 279, 279, 282, 285, 288, 289, 292, 296, 298, 299, 305, 307, 308, 311, 317, 318, 323, 325, 331, 333, 337, 342, 345, 351, 354, 355, 357, 360, 364, 366, 370, 372, 376, 378, 380, 382, 384, 389, 393, 399, 401, 402, 403, 405]

[33mBuilt regression model![0m
Model info:
	r^2:		0.9976880729243109
	p-value:	0.00000000000000000000000000000000000000000000000000000000000000000000000000000000000000000000000000000000000000000000000000000000005501031380603036
	intercept:	-4.5161654626318395
	slope:	1.5222884222850448
Fractal dimension: 1.5222884222850448
