[33mCounting circles[0m
10%		0.022449069s remaining
20%		0.010597704s remaining
30%		0.006620758s remaining
40%		0.004616164s remaining
50%		0.003237618s remaining
60%		0.002258562s remaining
70%		0.001531967s remaining
80%		0.000947597s remaining
90%		0.000438148s remaining

Took 0.004118287s to count circles

[33mDone counting circles![0m
sample points:
[505.0, 510.0, 515.0, 520.0, 525.0, 530.0, 535.0, 540.0, 545.0, 550.0, 555.0, 560.0, 565.0, 570.0, 575.0, 580.0, 585.0, 590.0, 595.0, 600.0, 605.0, 610.0, 615.0, 620.0, 625.0, 630.0, 635.0, 640.0, 645.0, 650.0, 655.0, 660.0, 665.0, 670.0, 675.0, 680.0, 685.0, 690.0, 695.0, 700.0, 705.0, 710.0, 715.0, 720.0, 725.0, 730.0, 735.0, 740.0, 745.0, 750.0, 755.0, 760.0, 765.0, 770.0, 775.0, 780.0, 785.0, 790.0, 795.0, 800.0, 805.0, 810.0, 815.0, 820.0, 825.0, 830.0, 835.0, 840.0, 845.0, 850.0, 855.0, 860.0, 865.0, 870.0, 875.0, 880.0, 885.0, 890.0, 895.0, 900.0, 905.0, 910.0, 915.0, 920.0, 925.0, 930.0, 935.0, 940.0, 945.0, 950.0, 955.0, 960.0, 965.0, 970.0, 975.0, 980.0, 985.0, 990.0, 995.0, 1000.0]

number of circles fewer than each of those sample points:
[167, 168, 171, 171, 175, 175, 177, 180, 183, 184, 187, 189, 190, 191, 193, 194, 197, 202, 205, 207, 208, 211, 214, 215, 217, 217, 218, 221, 224, 228, 230, 236, 236, 243, 248, 250, 252, 255, 258, 261, 264, 267, 270, 271, 273, 278, 282, 284, 287, 293, 296, 301, 304, 308, 311, 313, 314, 320, 324, 325, 329, 329, 331, 335, 337, 339, 341, 345, 347, 352, 354, 355, 357, 360, 362, 368, 370, 372, 376, 380, 382, 386, 392, 396, 398, 402, 405, 410, 410, 410, 416, 420, 423, 428, 429, 435, 436, 440, 443, 445]

[33mBuilt regression model![0m
Model info:
	r^2:		0.9977668868548022
	p-value:	0.00000000000000000000000000000000000000000000000000000000000000000000000000000000000000000000000000000000000000000000000000000000001005357587139641
	intercept:	-4.2174356662315535
	slope:	1.4936894441042006
Fractal dimension: 1.4936894441042006
