[33mCounting circles[0m
17%		0.01094008s remaining
33%		0.004835874s remaining
50%		0.002632856s remaining
67%		0.001429845s remaining
83%		0.000616885s remaining

Took 0.003297598s to count circles

[33mDone counting circles![0m
sample points:
[505.0, 510.0, 515.0, 520.0, 525.0, 530.0, 535.0, 540.0, 545.0, 550.0, 555.0, 560.0, 565.0, 570.0, 575.0, 580.0, 585.0, 590.0, 595.0, 600.0, 605.0, 610.0, 615.0, 620.0, 625.0, 630.0, 635.0, 640.0, 645.0, 650.0, 655.0, 660.0, 665.0, 670.0, 675.0, 680.0, 685.0, 690.0, 695.0, 700.0, 705.0, 710.0, 715.0, 720.0, 725.0, 730.0, 735.0, 740.0, 745.0, 750.0, 755.0, 760.0, 765.0, 770.0, 775.0, 780.0, 785.0, 790.0, 795.0, 800.0, 805.0, 810.0, 815.0, 820.0, 825.0, 830.0, 835.0, 840.0, 845.0, 850.0, 855.0, 860.0, 865.0, 870.0, 875.0, 880.0, 885.0, 890.0, 895.0, 900.0, 905.0, 910.0, 915.0, 920.0, 925.0, 930.0, 935.0, 940.0, 945.0, 950.0, 955.0, 960.0, 965.0, 970.0, 975.0, 980.0, 985.0, 990.0, 995.0, 1000.0]

number of circles fewer than each of those sample points:
[222, 227, 228, 230, 236, 240, 242, 246, 250, 254, 258, 263, 265, 268, 268, 272, 272, 280, 282, 286, 286, 288, 288, 294, 298, 298, 300, 306, 310, 310, 312, 316, 320, 328, 332, 334, 338, 346, 348, 350, 350, 354, 360, 366, 366, 368, 374, 382, 386, 388, 388, 394, 400, 400, 400, 402, 413, 417, 421, 421, 427, 431, 436, 440, 440, 448, 448, 452, 452, 454, 454, 462, 464, 466, 472, 482, 486, 490, 498, 502, 506, 511, 515, 515, 521, 527, 529, 533, 535, 535, 537, 545, 547, 550, 555, 563, 565, 567, 569, 573]

[33mBuilt regression model![0m
Model info:
	r^2:		0.9987414122319188
	p-value:	0.000000000000000000000000000000000000000000000000000000000000000000000000000000000000000000000000000000000000000000000000000000000000000000000006306363090269881
	intercept:	-3.2407615088449484
	slope:	1.3890881876913497
Fractal dimension: 1.3890881876913497
