[33mCounting circles[0m
9%		39m 34.042196819999845s remaining
18%		19m 58.36920225099993s remaining
27%		13m 9.552973881999947s remaining
36%		9m 30.75999625199995s remaining
45%		7m 6.972414091000019s remaining
55%		5m 20.431749764000017s remaining
64%		3m 55.443168420999996s remaining
73%		2m 44.45407097399999s remaining
82%		1m 43.274731461s remaining
91%		49.139075938s remaining

Took 8m 39.09387645100003s to count circles

[33mDone counting circles![0m
sample points:
[25250000.0, 25500000.0, 25750000.0, 26000000.0, 26250000.0, 26500000.0, 26750000.0, 27000000.0, 27250000.0, 27500000.0, 27750000.0, 28000000.0, 28250000.0, 28500000.0, 28750000.0, 29000000.0, 29250000.0, 29500000.0, 29750000.0, 30000000.0, 30250000.0, 30500000.0, 30750000.0, 31000000.0, 31250000.0, 31500000.0, 31750000.0, 32000000.0, 32250000.0, 32500000.0, 32750000.0, 33000000.0, 33250000.0, 33500000.0, 33750000.0, 34000000.0, 34250000.0, 34500000.0, 34750000.0, 35000000.0, 35250000.0, 35500000.0, 35750000.0, 36000000.0, 36250000.0, 36500000.0, 36750000.0, 37000000.0, 37250000.0, 37500000.0, 37750000.0, 38000000.0, 38250000.0, 38500000.0, 38750000.0, 39000000.0, 39250000.0, 39500000.0, 39750000.0, 40000000.0, 40250000.0, 40500000.0, 40750000.0, 41000000.0, 41250000.0, 41500000.0, 41750000.0, 42000000.0, 42250000.0, 42500000.0, 42750000.0, 43000000.0, 43250000.0, 43500000.0, 43750000.0, 44000000.0, 44250000.0, 44500000.0, 44750000.0, 45000000.0, 45250000.0, 45500000.0, 45750000.0, 46000000.0, 46250000.0, 46500000.0, 46750000.0, 47000000.0, 47250000.0, 47500000.0, 47750000.0, 48000000.0, 48250000.0, 48500000.0, 48750000.0, 49000000.0, 49250000.0, 49500000.0, 49750000.0, 50000000.0]

number of circles fewer than each of those sample points:
[195454797, 198027455, 200610214, 203200499, 205798001, 208403334, 211020300, 213642627, 216272359, 218912858, 221558110, 224210407, 226870485, 229538489, 232212503, 234897969, 237590075, 240290329, 242995663, 245711553, 248436283, 251164721, 253904715, 256647415, 259396960, 262154319, 264920298, 267694859, 270474232, 273261799, 276053896, 278854456, 281663385, 284477991, 287301495, 290128261, 292962738, 295807008, 298657039, 301512274, 304375487, 307244267, 310119597, 313001949, 315889998, 318784007, 321687735, 324596888, 327512444, 330431508, 333356231, 336288356, 339228700, 342174842, 345127732, 348086578, 351053374, 354027401, 357006169, 359990208, 362979310, 365975779, 368976841, 371984029, 374995444, 378013145, 381038371, 384071156, 387110579, 390156252, 393205540, 396261027, 399323984, 402389261, 405462583, 408543522, 411629364, 414718221, 417813759, 420911964, 424022431, 427137098, 430255246, 433377104, 436507027, 439638225, 442777637, 445924781, 449075941, 452233360, 455395784, 458564158, 461735981, 464912472, 468097715, 471290025, 474484294, 477685851, 480893362, 484103338]

[33mBuilt regression model![0m
Model info:
	r^2:		0.9999999992817403
	p-value:	0
	intercept:	-3.535764198589913
	slope:	1.3275151865583248
Fractal dimension: 1.3275151865583248
