[33mCounting circles[0m
13%		24m 24.94491222800002s remaining
25%		12m 28.178567879999946s remaining
38%		8m 2.521398074999979s remaining
50%		5m 29.626867296s remaining
63%		3m 41.845317410999996s remaining
75%		2m 16.618845556999986s remaining
88%		1m 4.281327521999998s remaining

Took 8m 10.081044324999993s to count circles

[33mDone counting circles![0m
sample points:
[25250000.0, 25500000.0, 25750000.0, 26000000.0, 26250000.0, 26500000.0, 26750000.0, 27000000.0, 27250000.0, 27500000.0, 27750000.0, 28000000.0, 28250000.0, 28500000.0, 28750000.0, 29000000.0, 29250000.0, 29500000.0, 29750000.0, 30000000.0, 30250000.0, 30500000.0, 30750000.0, 31000000.0, 31250000.0, 31500000.0, 31750000.0, 32000000.0, 32250000.0, 32500000.0, 32750000.0, 33000000.0, 33250000.0, 33500000.0, 33750000.0, 34000000.0, 34250000.0, 34500000.0, 34750000.0, 35000000.0, 35250000.0, 35500000.0, 35750000.0, 36000000.0, 36250000.0, 36500000.0, 36750000.0, 37000000.0, 37250000.0, 37500000.0, 37750000.0, 38000000.0, 38250000.0, 38500000.0, 38750000.0, 39000000.0, 39250000.0, 39500000.0, 39750000.0, 40000000.0, 40250000.0, 40500000.0, 40750000.0, 41000000.0, 41250000.0, 41500000.0, 41750000.0, 42000000.0, 42250000.0, 42500000.0, 42750000.0, 43000000.0, 43250000.0, 43500000.0, 43750000.0, 44000000.0, 44250000.0, 44500000.0, 44750000.0, 45000000.0, 45250000.0, 45500000.0, 45750000.0, 46000000.0, 46250000.0, 46500000.0, 46750000.0, 47000000.0, 47250000.0, 47500000.0, 47750000.0, 48000000.0, 48250000.0, 48500000.0, 48750000.0, 49000000.0, 49250000.0, 49500000.0, 49750000.0, 50000000.0]

number of circles fewer than each of those sample points:
[256864241, 260264517, 263678023, 267102653, 270537139, 273985641, 277442671, 280908644, 284384788, 287873392, 291373932, 294887426, 298409231, 301943135, 305483515, 309036762, 312596206, 316170492, 319754175, 323346855, 326951628, 330566599, 334189590, 337822647, 341463183, 345114471, 348773089, 352446520, 356130060, 359822943, 363525452, 367236550, 370957592, 374688480, 378428036, 382174602, 385927504, 389690524, 393466480, 397251551, 401042478, 404845863, 408660098, 412478347, 416308215, 420145642, 423995145, 427853360, 431713692, 435588576, 439472499, 443364342, 447267153, 451175443, 455093361, 459021646, 462954899, 466893471, 470843271, 474802039, 478768601, 482747852, 486732908, 490723987, 494721180, 498729979, 502747321, 506769183, 510803719, 514836909, 518888264, 522943149, 527009684, 531080936, 535160615, 539248876, 543343496, 547445971, 551549848, 555671516, 559796450, 563929693, 568071062, 572222358, 576379795, 580546704, 584717474, 588898558, 593085784, 597273459, 601475918, 605687525, 609902074, 614128828, 618361533, 622596410, 626843479, 631094594, 635359142, 639626237]

[33mBuilt regression model![0m
Model info:
	r^2:		0.9999999992000203
	p-value:	0
	intercept:	-3.396850372501902
	slope:	1.3353939062135725
Fractal dimension: 1.3353939062135725
