[33mCounting circles[0m
14%		20m 18.635118444s remaining
29%		10m 30.582726447000027s remaining
43%		6m 41.70142064700002s remaining
57%		4m 22.708094834999997s remaining
71%		2m 39.724636124s remaining
86%		1m 14.736839914s remaining

Took 8m 17.567272806999995s to count circles

[33mDone counting circles![0m
sample points:
[25250000.0, 25500000.0, 25750000.0, 26000000.0, 26250000.0, 26500000.0, 26750000.0, 27000000.0, 27250000.0, 27500000.0, 27750000.0, 28000000.0, 28250000.0, 28500000.0, 28750000.0, 29000000.0, 29250000.0, 29500000.0, 29750000.0, 30000000.0, 30250000.0, 30500000.0, 30750000.0, 31000000.0, 31250000.0, 31500000.0, 31750000.0, 32000000.0, 32250000.0, 32500000.0, 32750000.0, 33000000.0, 33250000.0, 33500000.0, 33750000.0, 34000000.0, 34250000.0, 34500000.0, 34750000.0, 35000000.0, 35250000.0, 35500000.0, 35750000.0, 36000000.0, 36250000.0, 36500000.0, 36750000.0, 37000000.0, 37250000.0, 37500000.0, 37750000.0, 38000000.0, 38250000.0, 38500000.0, 38750000.0, 39000000.0, 39250000.0, 39500000.0, 39750000.0, 40000000.0, 40250000.0, 40500000.0, 40750000.0, 41000000.0, 41250000.0, 41500000.0, 41750000.0, 42000000.0, 42250000.0, 42500000.0, 42750000.0, 43000000.0, 43250000.0, 43500000.0, 43750000.0, 44000000.0, 44250000.0, 44500000.0, 44750000.0, 45000000.0, 45250000.0, 45500000.0, 45750000.0, 46000000.0, 46250000.0, 46500000.0, 46750000.0, 47000000.0, 47250000.0, 47500000.0, 47750000.0, 48000000.0, 48250000.0, 48500000.0, 48750000.0, 49000000.0, 49250000.0, 49500000.0, 49750000.0, 50000000.0]

number of circles fewer than each of those sample points:
[299557547, 303533034, 307522217, 311520826, 315536174, 319562648, 323604037, 327661582, 331728742, 335807049, 339899064, 344004284, 348118951, 352245295, 356387064, 360541352, 364706342, 368883129, 373071758, 377271312, 381484981, 385710930, 389946416, 394195399, 398458723, 402732693, 407015730, 411309633, 415613570, 419934865, 424263270, 428601217, 432951142, 437310904, 441680041, 446063428, 450461063, 454867885, 459284305, 463710164, 468146916, 472597527, 477053880, 481523389, 485998859, 490491816, 494993889, 499505766, 504027730, 508562533, 513104387, 517655330, 522221384, 526793601, 531375301, 535968978, 540571335, 545181216, 549806428, 554434895, 559077488, 563732430, 568394852, 573064389, 577742652, 582434044, 587134026, 591841978, 596558525, 601285931, 606024227, 610771674, 615532607, 620298325, 625073873, 629856270, 634652693, 639457890, 644272748, 649092871, 653923605, 658764021, 663612984, 668470000, 673335662, 678211887, 683096077, 687990559, 692894180, 697806171, 702726233, 707649807, 712587314, 717530247, 722483073, 727445789, 732413741, 737392784, 742380256, 747376728]

[33mBuilt regression model![0m
Model info:
	r^2:		0.9999999994435849
	p-value:	0
	intercept:	-3.291303729590208
	slope:	1.3382225330126407
Fractal dimension: 1.3382225330126407
