[33mCounting circles[0m
10%		34m 5.033081549999906s remaining
20%		17m 13.272561859999996s remaining
30%		11m 16.57853676000002s remaining
40%		8m 2.6874922310000215s remaining
50%		5m 53.36569343299999s remaining
60%		4m 16.226999148999994s remaining
70%		2m 57.69954832799999s remaining
80%		1m 51.123041822000005s remaining
90%		52.715725862s remaining

Took 8m 24.856289130999983s to count circles

[33mDone counting circles![0m
sample points:
[25250000.0, 25500000.0, 25750000.0, 26000000.0, 26250000.0, 26500000.0, 26750000.0, 27000000.0, 27250000.0, 27500000.0, 27750000.0, 28000000.0, 28250000.0, 28500000.0, 28750000.0, 29000000.0, 29250000.0, 29500000.0, 29750000.0, 30000000.0, 30250000.0, 30500000.0, 30750000.0, 31000000.0, 31250000.0, 31500000.0, 31750000.0, 32000000.0, 32250000.0, 32500000.0, 32750000.0, 33000000.0, 33250000.0, 33500000.0, 33750000.0, 34000000.0, 34250000.0, 34500000.0, 34750000.0, 35000000.0, 35250000.0, 35500000.0, 35750000.0, 36000000.0, 36250000.0, 36500000.0, 36750000.0, 37000000.0, 37250000.0, 37500000.0, 37750000.0, 38000000.0, 38250000.0, 38500000.0, 38750000.0, 39000000.0, 39250000.0, 39500000.0, 39750000.0, 40000000.0, 40250000.0, 40500000.0, 40750000.0, 41000000.0, 41250000.0, 41500000.0, 41750000.0, 42000000.0, 42250000.0, 42500000.0, 42750000.0, 43000000.0, 43250000.0, 43500000.0, 43750000.0, 44000000.0, 44250000.0, 44500000.0, 44750000.0, 45000000.0, 45250000.0, 45500000.0, 45750000.0, 46000000.0, 46250000.0, 46500000.0, 46750000.0, 47000000.0, 47250000.0, 47500000.0, 47750000.0, 48000000.0, 48250000.0, 48500000.0, 48750000.0, 49000000.0, 49250000.0, 49500000.0, 49750000.0, 50000000.0]

number of circles fewer than each of those sample points:
[209551460, 212314356, 215088934, 217870939, 220663194, 223462794, 226272021, 229088304, 231911595, 234743897, 237586621, 240438084, 243297864, 246165167, 249039611, 251922890, 254818839, 257719263, 260628936, 263545975, 266469779, 269402529, 272342851, 275290298, 278245532, 281208360, 284181996, 287161410, 290145002, 293140712, 296143574, 299151591, 302170043, 305195468, 308227688, 311268688, 314320061, 317374909, 320436802, 323503379, 326578818, 329664197, 332751470, 335848151, 338951927, 342062327, 345181967, 348307976, 351441689, 354586872, 357735497, 360892693, 364052072, 367219939, 370394142, 373575909, 376763897, 379959175, 383158680, 386365463, 389579530, 392802495, 396030997, 399264791, 402505551, 405753556, 409007257, 412264969, 415533002, 418808765, 422089752, 425374539, 428666910, 431961701, 435266670, 438577460, 441890815, 445211483, 448543977, 451879296, 455221983, 458568854, 461922336, 465281933, 468644872, 472017930, 475397475, 478781908, 482169021, 485565139, 488963809, 492370782, 495786036, 499210877, 502637168, 506067146, 509504659, 512946561, 516395065, 519849179]

[33mBuilt regression model![0m
Model info:
	r^2:		0.9999999990035328
	p-value:	0
	intercept:	-3.505826810641757
	slope:	1.3298447999614191
Fractal dimension: 1.3298447999614191
