[33mCounting circles[0m
11%		29m 7.263818407999906s remaining
22%		14m 45.96026132899999s remaining
33%		9m 36.15932702199996s remaining
44%		6m 43.89295776300003s remaining
56%		4m 46.438606660999994s remaining
67%		3m 16.37894270199999s remaining
78%		2m 2.057152166999998s remaining
89%		57.69405744s remaining

Took 8m 16.033350369000004s to count circles

[33mDone counting circles![0m
sample points:
[25250000.0, 25500000.0, 25750000.0, 26000000.0, 26250000.0, 26500000.0, 26750000.0, 27000000.0, 27250000.0, 27500000.0, 27750000.0, 28000000.0, 28250000.0, 28500000.0, 28750000.0, 29000000.0, 29250000.0, 29500000.0, 29750000.0, 30000000.0, 30250000.0, 30500000.0, 30750000.0, 31000000.0, 31250000.0, 31500000.0, 31750000.0, 32000000.0, 32250000.0, 32500000.0, 32750000.0, 33000000.0, 33250000.0, 33500000.0, 33750000.0, 34000000.0, 34250000.0, 34500000.0, 34750000.0, 35000000.0, 35250000.0, 35500000.0, 35750000.0, 36000000.0, 36250000.0, 36500000.0, 36750000.0, 37000000.0, 37250000.0, 37500000.0, 37750000.0, 38000000.0, 38250000.0, 38500000.0, 38750000.0, 39000000.0, 39250000.0, 39500000.0, 39750000.0, 40000000.0, 40250000.0, 40500000.0, 40750000.0, 41000000.0, 41250000.0, 41500000.0, 41750000.0, 42000000.0, 42250000.0, 42500000.0, 42750000.0, 43000000.0, 43250000.0, 43500000.0, 43750000.0, 44000000.0, 44250000.0, 44500000.0, 44750000.0, 45000000.0, 45250000.0, 45500000.0, 45750000.0, 46000000.0, 46250000.0, 46500000.0, 46750000.0, 47000000.0, 47250000.0, 47500000.0, 47750000.0, 48000000.0, 48250000.0, 48500000.0, 48750000.0, 49000000.0, 49250000.0, 49500000.0, 49750000.0, 50000000.0]

number of circles fewer than each of those sample points:
[228936979, 231960161, 234996306, 238042926, 241096476, 244162531, 247237372, 250321645, 253415148, 256516377, 259628081, 262749404, 265879164, 269019723, 272168238, 275327522, 278496177, 281672757, 284858084, 288054293, 291258180, 294469738, 297689680, 300919850, 304155495, 307406417, 310664938, 313928873, 317201612, 320482899, 323770551, 327068522, 330372872, 333685389, 337010572, 340339254, 343675503, 347022931, 350378983, 353739843, 357108493, 360487931, 363873782, 367267738, 370671544, 374081436, 377497330, 380921685, 384354995, 387794647, 391242973, 394698403, 398162053, 401632708, 405109891, 408597342, 412092907, 415593368, 419104231, 422617540, 426142354, 429673314, 433214036, 436756897, 440311387, 443870203, 447434391, 451007706, 454589920, 458179172, 461774811, 465379295, 468988818, 472607039, 476229099, 479859628, 483497059, 487140707, 490790915, 494447028, 498112753, 501784502, 505462323, 509147223, 512837848, 516535311, 520236761, 523946864, 527661403, 531382609, 535108995, 538844158, 542586592, 546335475, 550091514, 553856731, 557629348, 561405929, 565188935, 568980926]

[33mBuilt regression model![0m
Model info:
	r^2:		0.9999999979341467
	p-value:	0
	intercept:	-3.4630505151231965
	slope:	1.3325255853998408
Fractal dimension: 1.3325255853998408
