[33mCounting circles[0m
17%		16m 33.32495437499995s remaining
33%		8m 47.11183598399998s remaining
50%		5m 28.430642444s remaining
67%		3m 16.643229781000002s remaining
83%		1m 31.638572619s remaining

Took 8m 43.083828868999944s to count circles

[33mDone counting circles![0m
sample points:
[25250000.0, 25500000.0, 25750000.0, 26000000.0, 26250000.0, 26500000.0, 26750000.0, 27000000.0, 27250000.0, 27500000.0, 27750000.0, 28000000.0, 28250000.0, 28500000.0, 28750000.0, 29000000.0, 29250000.0, 29500000.0, 29750000.0, 30000000.0, 30250000.0, 30500000.0, 30750000.0, 31000000.0, 31250000.0, 31500000.0, 31750000.0, 32000000.0, 32250000.0, 32500000.0, 32750000.0, 33000000.0, 33250000.0, 33500000.0, 33750000.0, 34000000.0, 34250000.0, 34500000.0, 34750000.0, 35000000.0, 35250000.0, 35500000.0, 35750000.0, 36000000.0, 36250000.0, 36500000.0, 36750000.0, 37000000.0, 37250000.0, 37500000.0, 37750000.0, 38000000.0, 38250000.0, 38500000.0, 38750000.0, 39000000.0, 39250000.0, 39500000.0, 39750000.0, 40000000.0, 40250000.0, 40500000.0, 40750000.0, 41000000.0, 41250000.0, 41500000.0, 41750000.0, 42000000.0, 42250000.0, 42500000.0, 42750000.0, 43000000.0, 43250000.0, 43500000.0, 43750000.0, 44000000.0, 44250000.0, 44500000.0, 44750000.0, 45000000.0, 45250000.0, 45500000.0, 45750000.0, 46000000.0, 46250000.0, 46500000.0, 46750000.0, 47000000.0, 47250000.0, 47500000.0, 47750000.0, 48000000.0, 48250000.0, 48500000.0, 48750000.0, 49000000.0, 49250000.0, 49500000.0, 49750000.0, 50000000.0]

number of circles fewer than each of those sample points:
[370102718, 375018647, 379954188, 384903175, 389872946, 394852353, 399849590, 404865942, 409894451, 414941905, 420001302, 425077065, 430169090, 435276211, 440398806, 445532947, 450685593, 455852633, 461037982, 466235862, 471448677, 476673786, 481913980, 487172915, 492443317, 497725909, 503022915, 508332659, 513661558, 519001564, 524361640, 529734575, 535120046, 540516787, 545928538, 551352139, 556787158, 562236352, 567699461, 573176781, 578669110, 584176100, 589690973, 595223246, 600769520, 606325529, 611893972, 617479117, 623073987, 628684297, 634308405, 639940950, 645588280, 651246298, 656922197, 662603013, 668303252, 674007139, 679728578, 685462983, 691203999, 696961177, 702727279, 708507492, 714299254, 720107331, 725924649, 731754451, 737594023, 743446410, 749311583, 755189026, 761075261, 766974981, 772885440, 778809194, 784741996, 790690310, 796645949, 802614455, 808595675, 814585474, 820588130, 826595771, 832620037, 838656918, 844705094, 850760729, 856827746, 862905556, 868996150, 875096114, 881206234, 887329967, 893462832, 899602414, 905754620, 911918922, 918092634, 924277432]

[33mBuilt regression model![0m
Model info:
	r^2:		0.9999999995785446
	p-value:	0
	intercept:	-3.1040654865486665
	slope:	1.3396446028063274
Fractal dimension: 1.3396446028063274
