[33mCounting circles[0m
8%		2437m 30.349904956005048s remaining
17%		2241m 7.032347039988963s remaining
25%		2049m 42.47242823400302s remaining
33%		1836m 9.654560466005933s remaining
42%		1609m 46.64740691499901s remaining
50%		1371m 2.049104563004221s remaining
58%		1137m 17.88574636100384s remaining
67%		909m 46.515124937999644s remaining
75%		681m 24.51810061300057s remaining
83%		453m 19.47263318700061s remaining
92%		226m 9.595966083999883s remaining

Took 2709m 19.54451768301078s to count circles

[33mDone counting circles![0m
sample points:
[252500000.0, 255000000.0, 257500000.0, 260000000.0, 262500000.0, 265000000.0, 267500000.0, 270000000.0, 272500000.0, 275000000.0, 277500000.0, 280000000.0, 282500000.0, 285000000.0, 287500000.0, 290000000.0, 292500000.0, 295000000.0, 297500000.0, 300000000.0, 302500000.0, 305000000.0, 307500000.0, 310000000.0, 312500000.0, 315000000.0, 317500000.0, 320000000.0, 322500000.0, 325000000.0, 327500000.0, 330000000.0, 332500000.0, 335000000.0, 337500000.0, 340000000.0, 342500000.0, 345000000.0, 347500000.0, 350000000.0, 352500000.0, 355000000.0, 357500000.0, 360000000.0, 362500000.0, 365000000.0, 367500000.0, 370000000.0, 372500000.0, 375000000.0, 377500000.0, 380000000.0, 382500000.0, 385000000.0, 387500000.0, 390000000.0, 392500000.0, 395000000.0, 397500000.0, 400000000.0, 402500000.0, 405000000.0, 407500000.0, 410000000.0, 412500000.0, 415000000.0, 417500000.0, 420000000.0, 422500000.0, 425000000.0, 427500000.0, 430000000.0, 432500000.0, 435000000.0, 437500000.0, 440000000.0, 442500000.0, 445000000.0, 447500000.0, 450000000.0, 452500000.0, 455000000.0, 457500000.0, 460000000.0, 462500000.0, 465000000.0, 467500000.0, 470000000.0, 472500000.0, 475000000.0, 477500000.0, 480000000.0, 482500000.0, 485000000.0, 487500000.0, 490000000.0, 492500000.0, 495000000.0, 497500000.0, 500000000.0]

number of circles fewer than each of those sample points:
[78945801438, 80146104096, 81352692803, 82565402106, 83784468813, 85009643991, 86240992921, 87478485784, 88722130204, 89971878531, 91227582283, 92489334019, 93757074150, 95030700840, 96310384736, 97596057633, 98887623676, 100185014690, 101488320087, 102797448619, 104112316300, 105433095954, 106759617516, 108091864350, 109429772850, 110773454302, 112122805430, 113477816695, 114838412083, 116204652276, 117576459336, 118953888761, 120336888541, 121725378046, 123119397868, 124518849952, 125923841467, 127334387976, 128750261406, 130171638296, 131598414441, 133030545672, 134468080822, 135910982555, 137359179769, 138812679927, 140271461374, 141735520871, 143204918852, 144679476643, 146159302755, 147644443236, 149134769183, 150630274021, 152130911695, 153636707986, 155147660104, 156663727765, 158184916168, 159711237288, 161242559932, 162778987926, 164320418109, 165866828811, 167418337771, 168974806418, 170536322882, 172102875340, 173674288295, 175250718152, 176832141250, 178418411818, 180009575306, 181605661795, 183206624597, 184812414070, 186423183746, 188038691825, 189658991816, 191284157021, 192914125291, 194548936864, 196188487155, 197832770612, 199481831643, 201135644360, 202794182758, 204457450342, 206125428568, 207798146459, 209475543368, 211157564758, 212844234298, 214535510006, 216231508375, 217932127229, 219637427171, 221347258473, 223061668296, 224780792103]

[33mBuilt regression model![0m
Model info:
	r^2:		0.9999999999953951
	p-value:	0
	intercept:	-4.539168668694451
	slope:	1.5315716259372687
Fractal dimension: 1.5315716259372687
