[33mCounting circles[0m
10%		2197m 35.753012886008946s remaining
20%		1953m 16.62835438399634s remaining
30%		1709m 14.816383505996782s remaining
40%		1464m 53.012975078992895s remaining
50%		1220m 40.84325644900673s remaining
60%		976m 50.84602417200222s remaining
70%		736m 3.0006530309983646s remaining
80%		490m 21.275729222001246s remaining
90%		245m 3.1808642460000556s remaining

Took 2454m 27.15575091500068s to count circles

[33mDone counting circles![0m
sample points:
[252500000.0, 255000000.0, 257500000.0, 260000000.0, 262500000.0, 265000000.0, 267500000.0, 270000000.0, 272500000.0, 275000000.0, 277500000.0, 280000000.0, 282500000.0, 285000000.0, 287500000.0, 290000000.0, 292500000.0, 295000000.0, 297500000.0, 300000000.0, 302500000.0, 305000000.0, 307500000.0, 310000000.0, 312500000.0, 315000000.0, 317500000.0, 320000000.0, 322500000.0, 325000000.0, 327500000.0, 330000000.0, 332500000.0, 335000000.0, 337500000.0, 340000000.0, 342500000.0, 345000000.0, 347500000.0, 350000000.0, 352500000.0, 355000000.0, 357500000.0, 360000000.0, 362500000.0, 365000000.0, 367500000.0, 370000000.0, 372500000.0, 375000000.0, 377500000.0, 380000000.0, 382500000.0, 385000000.0, 387500000.0, 390000000.0, 392500000.0, 395000000.0, 397500000.0, 400000000.0, 402500000.0, 405000000.0, 407500000.0, 410000000.0, 412500000.0, 415000000.0, 417500000.0, 420000000.0, 422500000.0, 425000000.0, 427500000.0, 430000000.0, 432500000.0, 435000000.0, 437500000.0, 440000000.0, 442500000.0, 445000000.0, 447500000.0, 450000000.0, 452500000.0, 455000000.0, 457500000.0, 460000000.0, 462500000.0, 465000000.0, 467500000.0, 470000000.0, 472500000.0, 475000000.0, 477500000.0, 480000000.0, 482500000.0, 485000000.0, 487500000.0, 490000000.0, 492500000.0, 495000000.0, 497500000.0, 500000000.0]

number of circles fewer than each of those sample points:
[67559022901, 68573811556, 69593663312, 70618573415, 71648593086, 72683637959, 73723788956, 74768919191, 75819026243, 76874122598, 77934108743, 78998945874, 80068828026, 81143514915, 82223000106, 83307334658, 84396439605, 85490383297, 86589115778, 87692554586, 88800727865, 89913659291, 91031241792, 92153442296, 93280426678, 94411956534, 95548147272, 96688958661, 97834391253, 98984388051, 100138911532, 101297968865, 102461433527, 103629441117, 104801918303, 105978835382, 107160233475, 108346031774, 109536324363, 110730991318, 111930106050, 113133531940, 114341323656, 115553464519, 116769971120, 117990714197, 119215786050, 120445141652, 121678635725, 122916512461, 124158685635, 125405001868, 126655547889, 127910297986, 129169302905, 130432422106, 131699785948, 132971277653, 134246890222, 135526630432, 136810460926, 138098330192, 139390339649, 140686456054, 141986635111, 143290758416, 144598920272, 145911220101, 147227533159, 148547844915, 149872123085, 151200349492, 152532576343, 153868792412, 155208928048, 156552910294, 157900904002, 159252760025, 160608584443, 161968296363, 163331898257, 164699335616, 166070613409, 167445760340, 168824799178, 170207622242, 171594234288, 172984711804, 174379000314, 175776994885, 177178939339, 178584557412, 179993939724, 181406999711, 182823864649, 184244486911, 185668839348, 187096906060, 188528632796, 189964065270]

[33mBuilt regression model![0m
Model info:
	r^2:		0.9999999999946947
	p-value:	0
	intercept:	-4.340111638544798
	slope:	1.513231822455525
Fractal dimension: 1.513231822455525
