[33mCounting circles[0m
17%		348m 44.6196313449982s remaining
33%		279m 0.07236850000117556s remaining
50%		209m 15.021429152000564s remaining
67%		139m 29.804767759000242s remaining
83%		69m 44.87251044000004s remaining

Took 418m 29.745428767000703s to count circles

[33mDone counting circles![0m
sample points:
[252500000.0, 255000000.0, 257500000.0, 260000000.0, 262500000.0, 265000000.0, 267500000.0, 270000000.0, 272500000.0, 275000000.0, 277500000.0, 280000000.0, 282500000.0, 285000000.0, 287500000.0, 290000000.0, 292500000.0, 295000000.0, 297500000.0, 300000000.0, 302500000.0, 305000000.0, 307500000.0, 310000000.0, 312500000.0, 315000000.0, 317500000.0, 320000000.0, 322500000.0, 325000000.0, 327500000.0, 330000000.0, 332500000.0, 335000000.0, 337500000.0, 340000000.0, 342500000.0, 345000000.0, 347500000.0, 350000000.0, 352500000.0, 355000000.0, 357500000.0, 360000000.0, 362500000.0, 365000000.0, 367500000.0, 370000000.0, 372500000.0, 375000000.0, 377500000.0, 380000000.0, 382500000.0, 385000000.0, 387500000.0, 390000000.0, 392500000.0, 395000000.0, 397500000.0, 400000000.0, 402500000.0, 405000000.0, 407500000.0, 410000000.0, 412500000.0, 415000000.0, 417500000.0, 420000000.0, 422500000.0, 425000000.0, 427500000.0, 430000000.0, 432500000.0, 435000000.0, 437500000.0, 440000000.0, 442500000.0, 445000000.0, 447500000.0, 450000000.0, 452500000.0, 455000000.0, 457500000.0, 460000000.0, 462500000.0, 465000000.0, 467500000.0, 470000000.0, 472500000.0, 475000000.0, 477500000.0, 480000000.0, 482500000.0, 485000000.0, 487500000.0, 490000000.0, 492500000.0, 495000000.0, 497500000.0, 500000000.0]

number of circles fewer than each of those sample points:
[22469892241, 22783491219, 23098303050, 23414349787, 23731645774, 24050192231, 24369969629, 24690970692, 25013173565, 25336541532, 25661155447, 25986944300, 26313913324, 26642049057, 26971348550, 27301794749, 27633479984, 27966191148, 28300126977, 28635217250, 28971398695, 29308774699, 29647279175, 29986930157, 30327662729, 30669534252, 31012499176, 31356587413, 31701722209, 32048017561, 32395295232, 32743675991, 33093121743, 33443685386, 33795263840, 34147960556, 34501708445, 34856490391, 35212278373, 35569152347, 35927080836, 36286007283, 36645967173, 37006951973, 37368978994, 37731979032, 38096022148, 38461035033, 38827065079, 39194109874, 39562176427, 39931184710, 40301255010, 40672288712, 41044273319, 41417255668, 41791211789, 42166171455, 42542046903, 42918861222, 43296642411, 43675382211, 44055116884, 44435811248, 44817427740, 45200007337, 45583531216, 45967915659, 46353255714, 46739488950, 47126629627, 47514693202, 47903722338, 48293672262, 48684547846, 49076292404, 49469000341, 49862616948, 50257104717, 50652432720, 51048705365, 51445873353, 51843931371, 52242863818, 52642706004, 53043402407, 53444971483, 53847416329, 54250714735, 54654974824, 55060026547, 55465919534, 55872666600, 56280323154, 56688751556, 57098117108, 57508311722, 57919352407, 58331184214, 58743888126]

[33mBuilt regression model![0m
Model info:
	r^2:		0.9999999999239426
	p-value:	0
	intercept:	-3.378832428274677
	slope:	1.4066462371097597
Fractal dimension: 1.4066462371097597
