[33mCounting circles[0m
9%		1047m 44.92105571000138s remaining
18%		528m 19.134047020001162s remaining
27%		347m 24.269109695000225s remaining
36%		250m 39.153531092000776s remaining
45%		187m 17.131322237999484s remaining
55%		140m 32.37804740399952s remaining
64%		103m 22.525863181000204s remaining
73%		72m 20.2051689179998s remaining
82%		45m 30.93091302999983s remaining
91%		21m 41.03269637900007s remaining

Took 229m 8.218743081000866s to count circles

[33mDone counting circles![0m
sample points:
[303000000.0, 306000000.0, 309000000.0, 312000000.0, 315000000.0, 318000000.0, 321000000.0, 324000000.0, 327000000.0, 330000000.0, 333000000.0, 336000000.0, 339000000.0, 342000000.0, 345000000.0, 348000000.0, 351000000.0, 354000000.0, 357000000.0, 360000000.0, 363000000.0, 366000000.0, 369000000.0, 372000000.0, 375000000.0, 378000000.0, 381000000.0, 384000000.0, 387000000.0, 390000000.0, 393000000.0, 396000000.0, 399000000.0, 402000000.0, 405000000.0, 408000000.0, 411000000.0, 414000000.0, 417000000.0, 420000000.0, 423000000.0, 426000000.0, 429000000.0, 432000000.0, 435000000.0, 438000000.0, 441000000.0, 444000000.0, 447000000.0, 450000000.0, 453000000.0, 456000000.0, 459000000.0, 462000000.0, 465000000.0, 468000000.0, 471000000.0, 474000000.0, 477000000.0, 480000000.0, 483000000.0, 486000000.0, 489000000.0, 492000000.0, 495000000.0, 498000000.0, 501000000.0, 504000000.0, 507000000.0, 510000000.0, 513000000.0, 516000000.0, 519000000.0, 522000000.0, 525000000.0, 528000000.0, 531000000.0, 534000000.0, 537000000.0, 540000000.0, 543000000.0, 546000000.0, 549000000.0, 552000000.0, 555000000.0, 558000000.0, 561000000.0, 564000000.0, 567000000.0, 570000000.0, 573000000.0, 576000000.0, 579000000.0, 582000000.0, 585000000.0, 588000000.0, 591000000.0, 594000000.0, 597000000.0, 600000000.0]

number of circles fewer than each of those sample points:
[5292604217, 5362282124, 5432161899, 5502282585, 5572632307, 5643188378, 5713985166, 5784991382, 5856209689, 5927635433, 5999281686, 6071136858, 6143190843, 6215457187, 6287941659, 6360633680, 6433524292, 6506629137, 6579917881, 6653437017, 6727146123, 6801039241, 6875134991, 6949437220, 7023933762, 7098618500, 7173518953, 7248586417, 7323858112, 7399315691, 7474960135, 7550783741, 7626827929, 7703049482, 7779459789, 7856051770, 7932829475, 8009784144, 8086932265, 8164248659, 8241745477, 8319439026, 8397298575, 8475343763, 8553556853, 8631950269, 8710536491, 8789285968, 8868193896, 8947292014, 9026566066, 9106007392, 9185615594, 9265404435, 9345360123, 9425468287, 9505764472, 9586213934, 9666827473, 9747639397, 9828599156, 9909729512, 9991012884, 10072461661, 10154062141, 10235828830, 10317758917, 10399848569, 10482102653, 10564524595, 10647107051, 10729841280, 10812743328, 10895788638, 10978999942, 11062357253, 11145891954, 11229566083, 11313396123, 11397377222, 11481520645, 11565816337, 11650254347, 11734847025, 11819577364, 11904460200, 11989502372, 12074683720, 12160021991, 12245510166, 12331140543, 12416920118, 12502843986, 12588909781, 12675120269, 12761488950, 12847992955, 12934642418, 13021439140, 13108373199]

[33mBuilt regression model![0m
Model info:
	r^2:		0.9999999999426493
	p-value:	0
	intercept:	-3.535362998713566
	slope:	1.3274932165894984
Fractal dimension: 1.3274932165894984
