[33mCounting circles[0m
13%		621m 51.893127641997125s remaining
25%		317m 31.767056229000445s remaining
38%		204m 42.80183578799915s remaining
50%		139m 49.286903197000356s remaining
63%		94m 5.984966502000134s remaining
75%		58m 10.468004404000112s remaining
88%		27m 30.654056184999945s remaining

Took 210m 38.886032376s to count circles

[33mDone counting circles![0m
sample points:
[303000000.0, 306000000.0, 309000000.0, 312000000.0, 315000000.0, 318000000.0, 321000000.0, 324000000.0, 327000000.0, 330000000.0, 333000000.0, 336000000.0, 339000000.0, 342000000.0, 345000000.0, 348000000.0, 351000000.0, 354000000.0, 357000000.0, 360000000.0, 363000000.0, 366000000.0, 369000000.0, 372000000.0, 375000000.0, 378000000.0, 381000000.0, 384000000.0, 387000000.0, 390000000.0, 393000000.0, 396000000.0, 399000000.0, 402000000.0, 405000000.0, 408000000.0, 411000000.0, 414000000.0, 417000000.0, 420000000.0, 423000000.0, 426000000.0, 429000000.0, 432000000.0, 435000000.0, 438000000.0, 441000000.0, 444000000.0, 447000000.0, 450000000.0, 453000000.0, 456000000.0, 459000000.0, 462000000.0, 465000000.0, 468000000.0, 471000000.0, 474000000.0, 477000000.0, 480000000.0, 483000000.0, 486000000.0, 489000000.0, 492000000.0, 495000000.0, 498000000.0, 501000000.0, 504000000.0, 507000000.0, 510000000.0, 513000000.0, 516000000.0, 519000000.0, 522000000.0, 525000000.0, 528000000.0, 531000000.0, 534000000.0, 537000000.0, 540000000.0, 543000000.0, 546000000.0, 549000000.0, 552000000.0, 555000000.0, 558000000.0, 561000000.0, 564000000.0, 567000000.0, 570000000.0, 573000000.0, 576000000.0, 579000000.0, 582000000.0, 585000000.0, 588000000.0, 591000000.0, 594000000.0, 597000000.0, 600000000.0]

number of circles fewer than each of those sample points:
[7093483666, 7187420692, 7281679533, 7376244282, 7471111735, 7566285654, 7661777842, 7757550450, 7853608860, 7949962074, 8046628293, 8143594833, 8240823010, 8338366845, 8436178134, 8534286964, 8632668128, 8731357526, 8830307961, 8929535269, 9029025585, 9128811895, 9228885940, 9329216391, 9429831893, 9530694269, 9631837949, 9733254430, 9834937525, 9936875116, 10039083591, 10141551993, 10244289935, 10347283713, 10450525319, 10554026252, 10657797739, 10761802374, 10866076820, 10970599295, 11075385614, 11180411100, 11285691428, 11391202216, 11496949731, 11602955495, 11709194489, 11815683076, 11922422209, 12029405100, 12136612838, 12244069599, 12351776102, 12459697330, 12567847193, 12676264740, 12784898737, 12893770460, 13002863646, 13112174869, 13221720867, 13331507661, 13441527178, 13551753227, 13662214051, 13772897629, 13883815816, 13994942848, 14106289766, 14217855171, 14329683858, 14441672518, 14553890259, 14666347887, 14779028795, 14891907460, 15005010687, 15118308568, 15231847516, 15345596245, 15459543350, 15573703953, 15688074606, 15802649323, 15917451001, 16032451970, 16147663392, 16263093200, 16378716375, 16494533019, 16610582506, 16726809415, 16843254458, 16959894342, 17076730405, 17193773070, 17311017087, 17428471231, 17546129983, 17663993276]

[33mBuilt regression model![0m
Model info:
	r^2:		0.9999999999719288
	p-value:	0
	intercept:	-3.397196371124039
	slope:	1.3354147362724165
Fractal dimension: 1.3354147362724165
