[33mCounting circles[0m
10%		855m 42.23599071300123s remaining
20%		432m 16.716610439998476s remaining
30%		282m 43.11067342499882s remaining
40%		201m 30.84589187399979s remaining
50%		147m 28.541560645000573s remaining
60%		106m 59.01611410999976s remaining
70%		74m 15.867029402999833s remaining
80%		46m 29.840561073000117s remaining
90%		22m 4.801429870999982s remaining

Took 211m 35.4917266650009s to count circles

[33mDone counting circles![0m
sample points:
[303000000.0, 306000000.0, 309000000.0, 312000000.0, 315000000.0, 318000000.0, 321000000.0, 324000000.0, 327000000.0, 330000000.0, 333000000.0, 336000000.0, 339000000.0, 342000000.0, 345000000.0, 348000000.0, 351000000.0, 354000000.0, 357000000.0, 360000000.0, 363000000.0, 366000000.0, 369000000.0, 372000000.0, 375000000.0, 378000000.0, 381000000.0, 384000000.0, 387000000.0, 390000000.0, 393000000.0, 396000000.0, 399000000.0, 402000000.0, 405000000.0, 408000000.0, 411000000.0, 414000000.0, 417000000.0, 420000000.0, 423000000.0, 426000000.0, 429000000.0, 432000000.0, 435000000.0, 438000000.0, 441000000.0, 444000000.0, 447000000.0, 450000000.0, 453000000.0, 456000000.0, 459000000.0, 462000000.0, 465000000.0, 468000000.0, 471000000.0, 474000000.0, 477000000.0, 480000000.0, 483000000.0, 486000000.0, 489000000.0, 492000000.0, 495000000.0, 498000000.0, 501000000.0, 504000000.0, 507000000.0, 510000000.0, 513000000.0, 516000000.0, 519000000.0, 522000000.0, 525000000.0, 528000000.0, 531000000.0, 534000000.0, 537000000.0, 540000000.0, 543000000.0, 546000000.0, 549000000.0, 552000000.0, 555000000.0, 558000000.0, 561000000.0, 564000000.0, 567000000.0, 570000000.0, 573000000.0, 576000000.0, 579000000.0, 582000000.0, 585000000.0, 588000000.0, 591000000.0, 594000000.0, 597000000.0, 600000000.0]

number of circles fewer than each of those sample points:
[5707608194, 5782876381, 5858403356, 5934170389, 6010165780, 6086420372, 6162885288, 6239605402, 6316553966, 6393735773, 6471151402, 6548794566, 6626685949, 6704787807, 6783103167, 6861648778, 6940415201, 7019418028, 7098621588, 7178057707, 7257705220, 7337593221, 7417676547, 7497968713, 7578490318, 7659218697, 7740161705, 7821331570, 7902701404, 7984281088, 8066057016, 8148037606, 8230238595, 8312638013, 8395216411, 8478015525, 8561014738, 8644225601, 8727623502, 8811224851, 8895017915, 8979012366, 9063193876, 9147578639, 9232142291, 9316909386, 9401857453, 9487012361, 9572356265, 9657895235, 9743637956, 9829540884, 9915629636, 10001901554, 10088361071, 10175001906, 10261841929, 10348865096, 10436062267, 10523429889, 10610976990, 10698723987, 10786639496, 10874724324, 10963007974, 11051462590, 11140100325, 11228917856, 11317891868, 11407036370, 11496361030, 11585855124, 11675505275, 11765355670, 11855360771, 11945532073, 12035872440, 12126388750, 12217082289, 12307930310, 12398933512, 12490098083, 12581445225, 12672946978, 12764609586, 12856447269, 12948436972, 13040581689, 13132901327, 13225392922, 13318034539, 13410851465, 13503822298, 13596937772, 13690236178, 13783677821, 13877269724, 13971017029, 14064934928, 14159005951]

[33mBuilt regression model![0m
Model info:
	r^2:		0.9999999999213006
	p-value:	0
	intercept:	-3.5059845820395807
	slope:	1.3298544579683
Fractal dimension: 1.3298544579683
