[33mCounting circles[0m
11%		730m 19.71108004800044s remaining
22%		370m 13.41400076699938s remaining
33%		240m 40.73487692600065s remaining
44%		168m 37.10257294499934s remaining
56%		119m 33.34858435800015s remaining
67%		81m 58.457141732999844s remaining
78%		51m 0.3511378540001715s remaining
89%		24m 7.19067549500005s remaining

Took 207m 25.558959705000234s to count circles

[33mDone counting circles![0m
sample points:
[303000000.0, 306000000.0, 309000000.0, 312000000.0, 315000000.0, 318000000.0, 321000000.0, 324000000.0, 327000000.0, 330000000.0, 333000000.0, 336000000.0, 339000000.0, 342000000.0, 345000000.0, 348000000.0, 351000000.0, 354000000.0, 357000000.0, 360000000.0, 363000000.0, 366000000.0, 369000000.0, 372000000.0, 375000000.0, 378000000.0, 381000000.0, 384000000.0, 387000000.0, 390000000.0, 393000000.0, 396000000.0, 399000000.0, 402000000.0, 405000000.0, 408000000.0, 411000000.0, 414000000.0, 417000000.0, 420000000.0, 423000000.0, 426000000.0, 429000000.0, 432000000.0, 435000000.0, 438000000.0, 441000000.0, 444000000.0, 447000000.0, 450000000.0, 453000000.0, 456000000.0, 459000000.0, 462000000.0, 465000000.0, 468000000.0, 471000000.0, 474000000.0, 477000000.0, 480000000.0, 483000000.0, 486000000.0, 489000000.0, 492000000.0, 495000000.0, 498000000.0, 501000000.0, 504000000.0, 507000000.0, 510000000.0, 513000000.0, 516000000.0, 519000000.0, 522000000.0, 525000000.0, 528000000.0, 531000000.0, 534000000.0, 537000000.0, 540000000.0, 543000000.0, 546000000.0, 549000000.0, 552000000.0, 555000000.0, 558000000.0, 561000000.0, 564000000.0, 567000000.0, 570000000.0, 573000000.0, 576000000.0, 579000000.0, 582000000.0, 585000000.0, 588000000.0, 591000000.0, 594000000.0, 597000000.0, 600000000.0]

number of circles fewer than each of those sample points:
[6276988308, 6359942704, 6443161322, 6526657386, 6610416104, 6694434680, 6778725958, 6863265262, 6948064733, 7033134875, 7118452563, 7204027336, 7289877993, 7375948842, 7462288330, 7548880100, 7635719250, 7722799932, 7810135627, 7897702337, 7985532840, 8073588387, 8161893282, 8250448390, 8339213708, 8428231741, 8517477135, 8606962994, 8696678308, 8786641445, 8876837994, 8967248224, 9057879629, 9148755618, 9239838885, 9331145055, 9422694831, 9514449733, 9606432560, 9698628470, 9791044609, 9883690552, 9976554552, 10069624881, 10162903465, 10256405915, 10350127710, 10444066090, 10538196753, 10632550005, 10727110494, 10821873157, 10916846279, 11012017859, 11107397243, 11202988480, 11298778944, 11394765358, 11490961251, 11587344456, 11683947525, 11780752055, 11877763337, 11974967224, 12072353299, 12169945737, 12267746943, 12365731972, 12463903061, 12562280828, 12660851635, 12759603280, 12858554342, 12957684376, 13057009992, 13156524920, 13256215950, 13356110063, 13456191151, 13556459199, 13656908146, 13757544139, 13858341066, 13959347700, 14060530001, 14161896299, 14263421072, 14365149242, 14467053867, 14569128038, 14671392917, 14773833186, 14876457092, 14979264357, 15082236933, 15185381559, 15288708998, 15392197334, 15495884408, 15599729738]

[33mBuilt regression model![0m
Model info:
	r^2:		0.9999999999460691
	p-value:	0
	intercept:	-3.462737008543371
	slope:	1.3325090058406053
Fractal dimension: 1.3325090058406053
