[33mCounting circles[0m
17%		426m 9.19431704499948s remaining
33%		226m 7.455438253999091s remaining
50%		140m 52.87141416099985s remaining
67%		84m 22.25922117099981s remaining
83%		39m 19.212757318000058s remaining

Took 224m 28.641152944999703s to count circles

[33mDone counting circles![0m
sample points:
[303000000.0, 306000000.0, 309000000.0, 312000000.0, 315000000.0, 318000000.0, 321000000.0, 324000000.0, 327000000.0, 330000000.0, 333000000.0, 336000000.0, 339000000.0, 342000000.0, 345000000.0, 348000000.0, 351000000.0, 354000000.0, 357000000.0, 360000000.0, 363000000.0, 366000000.0, 369000000.0, 372000000.0, 375000000.0, 378000000.0, 381000000.0, 384000000.0, 387000000.0, 390000000.0, 393000000.0, 396000000.0, 399000000.0, 402000000.0, 405000000.0, 408000000.0, 411000000.0, 414000000.0, 417000000.0, 420000000.0, 423000000.0, 426000000.0, 429000000.0, 432000000.0, 435000000.0, 438000000.0, 441000000.0, 444000000.0, 447000000.0, 450000000.0, 453000000.0, 456000000.0, 459000000.0, 462000000.0, 465000000.0, 468000000.0, 471000000.0, 474000000.0, 477000000.0, 480000000.0, 483000000.0, 486000000.0, 489000000.0, 492000000.0, 495000000.0, 498000000.0, 501000000.0, 504000000.0, 507000000.0, 510000000.0, 513000000.0, 516000000.0, 519000000.0, 522000000.0, 525000000.0, 528000000.0, 531000000.0, 534000000.0, 537000000.0, 540000000.0, 543000000.0, 546000000.0, 549000000.0, 552000000.0, 555000000.0, 558000000.0, 561000000.0, 564000000.0, 567000000.0, 570000000.0, 573000000.0, 576000000.0, 579000000.0, 582000000.0, 585000000.0, 588000000.0, 591000000.0, 594000000.0, 597000000.0, 600000000.0]

number of circles fewer than each of those sample points:
[10328820433, 10466035691, 10603691371, 10741824683, 10880424529, 11019468009, 11158971689, 11298917599, 11439283509, 11580095480, 11721357295, 11863042594, 12005157931, 12147703449, 12290672822, 12434055646, 12577866813, 12722062323, 12866704119, 13011754669, 13157225724, 13303102745, 13449374282, 13596075998, 13743156416, 13890639699, 14038528793, 14186807780, 14335478877, 14484554604, 14634029415, 14783873658, 14934131694, 15084752690, 15235759881, 15387133436, 15538879153, 15691008945, 15843505940, 15996415640, 16149641840, 16303270421, 16457244471, 16611597163, 16766338648, 16921418920, 17076870457, 17232706710, 17388853179, 17545384951, 17702261044, 17859494853, 18017081657, 18175012638, 18333293096, 18491913388, 18650885976, 18810194859, 18969873807, 19129874267, 19290223611, 19450892824, 19611917259, 19773276636, 19934938891, 20096968191, 20259306599, 20421982440, 20584969181, 20748315748, 20911989440, 21075977551, 21240297015, 21404931761, 21569897596, 21735176998, 21900774843, 22066712948, 22232932476, 22399482518, 22566352879, 22733512708, 22901002473, 23068820459, 23236915838, 23405315775, 23574051916, 23743095489, 23912453607, 24082113976, 24252065341, 24422300895, 24592871751, 24763722328, 24934863108, 25106331306, 25278092745, 25450133165, 25622477556, 25795131299]

[33mBuilt regression model![0m
Model info:
	r^2:		0.9999999999784093
	p-value:	0
	intercept:	-3.104286013978843
	slope:	1.3396570048871794
Fractal dimension: 1.3396570048871794
