[33mCounting circles[0m
20%		324m 43.40762238399839s remaining
40%		182m 37.55615755799954s remaining
60%		108m 12.454880381999828s remaining
80%		50m 43.32775142399987s remaining

Took 243m 25.740606483999727s to count circles

[33mDone counting circles![0m
sample points:
[303000000.0, 306000000.0, 309000000.0, 312000000.0, 315000000.0, 318000000.0, 321000000.0, 324000000.0, 327000000.0, 330000000.0, 333000000.0, 336000000.0, 339000000.0, 342000000.0, 345000000.0, 348000000.0, 351000000.0, 354000000.0, 357000000.0, 360000000.0, 363000000.0, 366000000.0, 369000000.0, 372000000.0, 375000000.0, 378000000.0, 381000000.0, 384000000.0, 387000000.0, 390000000.0, 393000000.0, 396000000.0, 399000000.0, 402000000.0, 405000000.0, 408000000.0, 411000000.0, 414000000.0, 417000000.0, 420000000.0, 423000000.0, 426000000.0, 429000000.0, 432000000.0, 435000000.0, 438000000.0, 441000000.0, 444000000.0, 447000000.0, 450000000.0, 453000000.0, 456000000.0, 459000000.0, 462000000.0, 465000000.0, 468000000.0, 471000000.0, 474000000.0, 477000000.0, 480000000.0, 483000000.0, 486000000.0, 489000000.0, 492000000.0, 495000000.0, 498000000.0, 501000000.0, 504000000.0, 507000000.0, 510000000.0, 513000000.0, 516000000.0, 519000000.0, 522000000.0, 525000000.0, 528000000.0, 531000000.0, 534000000.0, 537000000.0, 540000000.0, 543000000.0, 546000000.0, 549000000.0, 552000000.0, 555000000.0, 558000000.0, 561000000.0, 564000000.0, 567000000.0, 570000000.0, 573000000.0, 576000000.0, 579000000.0, 582000000.0, 585000000.0, 588000000.0, 591000000.0, 594000000.0, 597000000.0, 600000000.0]

number of circles fewer than each of those sample points:
[13756489338, 13938704165, 14121446321, 14304831205, 14488814081, 14673382635, 14858478030, 15044183680, 15230485640, 15417373554, 15604787266, 15792784597, 15981343724, 16170477274, 16360153975, 16550418361, 16741206738, 16932547673, 17124467975, 17316931798, 17509892599, 17703413979, 17897462020, 18092031284, 18287125910, 18482723715, 18678883815, 18875560828, 19072698415, 19270404249, 19468626353, 19667337876, 19866571561, 20066306018, 20266551569, 20467310371, 20668541634, 20870215379, 21072394999, 21275061262, 21478171046, 21681790726, 21885893674, 22090455983, 22295506823, 22500976301, 22706999955, 22913516550, 23120453793, 23327868050, 23535735224, 23744081424, 23952908602, 24162143003, 24371882644, 24582086939, 24792746332, 25003865785, 25215430649, 25427434384, 25639873778, 25852754488, 26066059268, 26279810289, 26494009845, 26708660258, 26923719229, 27139207760, 27355181198, 27571553513, 27788345385, 28005599509, 28223233202, 28441325299, 28659820686, 28878694411, 29098045099, 29317768071, 29537895756, 29758508834, 29979484103, 30200897748, 30422719921, 30644931426, 30867542529, 31090553388, 31313933838, 31537742029, 31761964370, 31986552889, 32211522263, 32436901105, 32662682594, 32888814360, 33115360562, 33342307258, 33569681808, 33797411906, 34025427883, 34253919407]

[33mBuilt regression model![0m
Model info:
	r^2:		0.9999999996714177
	p-value:	0
	intercept:	-2.73317279659301
	slope:	1.335328264503229
Fractal dimension: 1.335328264503229
